sample	Accession	collection_date	depth_m	Stratification	season	Layer	seq_shape	year	av_depth	secchi_m	pH	Alk_mekw_per_L	Cond_mS_per_m	Col_mgPt_per_L	turbidity_FNU_EV26	TotP_ug_per_L	NH4_ug_per_L	NO2andNO3_ug_per_L	PN_ug_per_L	TotN_ug_per_L	Si_ug_per_L	Temp_C	Chla_ug_per_L	PP_ug_per_L	SPOM_mg_per_L	O2pcnt	SPM_mg_per_L	MRP_per_PO4P_ug_per_L	NO2_ug_per_L	NO3_ug_per_L	Abs_per_ofiltrerat_per__420_per_nm_per_5cm	Abs_per_filtrerad_per__420_per_nm_per_5cm	O2_mg_L	LD12	acI	C111	Comamonadaceae	limnohab	flavo	luteo	Alcaligenaceae	polynuc	Chitinophagaceae	Ralstonia	Sphingomonas	synechococcus	nostocaceae	microcystis	haptophyceae	cryptophyta	streptphyt	stramenopiles	phytos
S16a	SRA	1/7/08	0-8	summer strat.	epi	epi	1	2008	4	5.9	8.17	1.6943	27.1	12.5	0.86	15	6	0.2	34.8276	509	772	18	1.91294	4.62069	0.6	95	1	6	0.1	0.1	0.045	0.036	NA	8.1333333	23.7333333	4.6	5.0666667	1.2	3.3333333	0.1333333	0.4	0.2666667	6.0666667	0	0.1333333	5.2	1.5333333	0.1333333	0	2.1333333	0	0.7333333	10.3333333
run4.39	ERS1884187	1/7/14	0-18	summer strat.	epi	epi	4	2014	9	4.6	8.02	1.817612749	26.8	20	0.7	18.32	13.6553	8.84	36.08689655	651.46	1155.73	14.86111111	2.75049	5.849655172	0.8	90.09444444	1.3	5.44	NA	NA	0.061	0.051	9.127777778	5.3333333	21.8	4.6666667	4.2	0.7333333	0.4	0.2	0.1333333	0.3333333	4.8	0	0.2	1.9333333	0.2	17.0666667	0	8.1333333	0.0666667	1.1333333	29.2
run4.9	ERS1884254	10/6/14	0-4	summer strat.	epi	epi	4	2014	2	4	8.18	1.769863529	26.5	17.5	0.55	14.53	2.4269	0.48	49.75517241	592.66	758	17.46	1.1772	7.213103448	0.6	106.76	0.2	-0.37	NA	NA	0.064	0.057	10.332	2.9333333	28.1333333	4.3333333	2.8666667	0.2	0.6666667	0	0.1333333	0	2.6666667	0	0	0	0.4666667	3.7333333	0.0666667	2.4666667	0	33.0666667	39.8
S11a	SRA	11/6/08	0-8	summer strat.	epi	epi	1	2008	4	3.9	7.9	1.57279	27.6	15	1.7	16	8	1	58.2069	655	396	17.7	1.24026	7.03448	0.7	107	2.9	0.1	0.1	0.9	0.05	0.036	NA	4.2666667	16.7333333	4.4666667	3.4	0.8666667	1.4666667	0.9333333	0.2	0.0666667	6.2	0	0.0666667	2.1333333	3.8666667	1.6666667	0.1333333	1.6666667	0	3.4	13.1333333
run4.188	ERS1884149	11/6/13	0-8	summer strat.	epi	epi	4	2013	4	4	8.15	1.760477419	26.5	25	0.6	18.9	2.357	0.676	57.01834483	598.683	184.796	16.86666667	2.746629	7.069172414	0.9	97.43333333	1	2.02	NA	NA	0.083	0.071	9.442222222	2	27.4666667	4.8666667	2.2666667	0.6	0.5333333	0	0	0	2.2666667	0	0.0666667	0.1333333	0.5333333	3	0	2.3333333	0	37.7333333	43.9333333
run4.91	ERS1884245	11/7/12	0-8	summer strat.	epi	epi	4	2012	4	5.4	8.23	1.984708397	27	15	0.74	21.59	19.25	4.17	55.17931034	629	779.6	18.2	2.235415	5.951724138	1.1	95.97777778	1.6	5.63	0.87	3.3	NA	NA	8.947777778	1.3333333	4.4666667	4.7333333	2.4666667	0.3333333	4.6666667	0	0.2666667	0.2	4.8666667	0	0	0.3333333	0	0	0.6	7.1333333	0	33.1333333	41.4666667
run4.31	ERS1884179	12/8/14	0-4	summer strat.	epi	epi	4	2014	2	3	8.56	1.721965714	26.2	22.5	2.3	24.4	3.9971	3.62	151.7491667	963.69	979.03	22.42	13.09977	11.25916667	3.4	103.48	4	0.29	NA	NA	0.081	0.05	8.928	3.4	9.2	1.4	1.4666667	0.0666667	1.2	0.8	0.0666667	0	2.2666667	0	0	0.8666667	50.8	2.0666667	0	1.2666667	0	0.1333333	56.2666667
run4.149	ERS1884106	13/5/13	0	summer strat.	epi	epi	4	2013	0	1.7	8.74	1.859380645	26	40	2.3	33.05	1.775	1.069	114.2395862	730.79	26.316	11.2	22.929546	18.61103448	4.4	139.8	8	3.87	NA	NA	0.135	0.087	15.32	6.9333333	15.8666667	12.8	2.7333333	0.4666667	0.6666667	0	0.5333333	0.1333333	3	0	0	0.6666667	0	1.4666667	0	2	0	0.9333333	5.2
run4.150	ERS1884108	13/5/13	4.25	summer strat.	epi	epi	4	2013	4.25	1.7	8.74	1.859380645	26	40	2.3	33.05	1.775	1.069	114.2395862	730.79	26.316	10.5	22.929546	18.61103448	4.4	138.6	8	3.87	NA	NA	0.135	0.087	15.45	4.4	48.6	2.9333333	1.8	0.4	0.3333333	0	0.0666667	0.1333333	3.1333333	0	0.0666667	0.6666667	3.2666667	1.6	0	1.3333333	0	14.7333333	21.9333333
run4.151	ERS1884109	13/5/13	0-4	summer strat.	epi	epi	4	2013	2	1.7	8.74	1.859380645	26	40	2.3	33.05	1.775	1.069	114.2395862	730.79	26.316	10.8	22.929546	18.61103448	4.4	139.6	8	3.87	NA	NA	0.135	0.087	15.44	2.2666667	24.4	13.0666667	5.3333333	1.6666667	0.2666667	0	0.3333333	0.4	2.2666667	0	0.2666667	0.2	0.0666667	4	0.1333333	5.2	0	2.6	14
run4.153	ERS1884111	13/5/13	1.7	summer strat.	epi	epi	4	2013	1.7	1.7	8.74	1.859380645	26	40	2.3	33.05	1.775	1.069	114.2395862	730.79	26.316	10.7	22.929546	18.61103448	4.4	139.7	8	3.87	NA	NA	0.135	0.087	15.48	5.3333333	22.6666667	2.6666667	3.4666667	0.6	0.4	0.0666667	0.2	0	2.4	0	0	1.8666667	0.1333333	3.6	0.0666667	2.2666667	0	27.9333333	36.5333333
run4.202	ERS1884163	13/8/13	0-8	summer strat.	epi	epi	4	2013	4	3.75	8.04	1.891315663	26.7	30	1.5	24.07	17.018	0.066	120.2068966	750	882.384	19.14444444	8.13646	11.98310345	2	94.46666667	3	3.97	NA	NA	0.092	0.06	8.66	4.8	26.0666667	7.6	5.6666667	0.6666667	0.2666667	0.0666667	0.1333333	0.0666667	6.0666667	0	0.2666667	3.1333333	0.4666667	3.4666667	0.0666667	1.7333333	0	1.8666667	10.8666667
run4.65	ERS1884216	13/9/11	0-16	summer strat.	epi	epi	4	2011	8	3	7.97	1.83	27.9	15	2.4	56	36	8	62	643	934	17.27058824	3.63	7	1	85.57647059	2.1	39	0.5	7.5	NA	NA	8.021764706	2.9333333	23	5.4	3.6	1	1	0.3333333	0.1333333	0.1333333	6.5333333	0	0	6.9333333	0.6666667	15.2	0	3.5333333	0	1.1333333	28.3333333
S17a	SRA	14/7/08	0-12	summer strat.	epi	epi	1	2008	6	3.65	7.98	1.6549	26.9	12.5	1.22	25	17	5	67.6552	719	1112	19	8.98733	9.93103	1.4	94	2.1	4	1	4	0.05	0.033	NA	5.0666667	28.6666667	4.6	3.9333333	0.3333333	0.5333333	0.2666667	0	0	3.4	0	0.0666667	10.8	0.6666667	1.4	0	0.6666667	0	2.8	18.1333333
run4.58	ERS1884208	14/8/12	0-8	summer strat.	epi	epi	4	2012	4	2.65	8.09	1.870617899	26.7	12.5	1.31	28.34	23.1	9.058	125.0344828	728.716	950.4	19.38888889	14.354948	21.13482759	1.9	91.87777778	3.1	1.79	1.145	NA	NA	NA	8.675555556	1.6666667	19.1333333	4.8	2.2666667	0.4	0.6	0.0666667	0.0666667	0	0.7333333	0	0	0.1333333	0.5333333	36.4666667	0.1333333	1.6	0	14.2666667	53.5333333
run4.154	ERS1884112	16/5/13	0	summer strat.	epi	epi	4	2013	0	2.5	8.59	NA	NA	NA	NA	25.86	NA	0.118	NA	698.4	NA	10.4	10.682796	NA	NA	123.5	NA	2.79	NA	NA	NA	NA	13.89	1.9333333	23.2666667	3.2666667	3.4666667	0.5333333	0.8666667	0	0.1333333	0.0666667	1.2	0	0.0666667	0.2	0.0666667	40.2	0	2	0	3.4666667	46.5333333
run4.155	ERS1884113	16/5/13	2.5	summer strat.	epi	epi	4	2013	2.5	2.5	8.59	NA	NA	NA	NA	25.86	NA	0.118	NA	698.4	NA	9.9	10.682796	NA	NA	124.6	NA	2.79	NA	NA	NA	NA	14.18	7.2	26.8	4.2666667	4.0666667	0.4666667	0.4	0.2	0.0666667	0.1333333	4.5333333	0	0	1.4	1.1333333	7.2	0.2	2.4666667	0	4.3333333	17.2666667
run4.157	ERS1884115	16/5/13	0-4	summer strat.	epi	epi	4	2013	2	2.5	8.59	NA	NA	NA	NA	25.86	NA	0.118	NA	698.4	NA	9.92	10.682796	NA	NA	124.14	NA	2.79	NA	NA	NA	NA	14.124	6.6	22.3333333	6.2666667	3.6666667	1.2	1.2666667	0.0666667	0.1333333	0.3333333	8.9333333	0	0.0666667	4.1333333	0.9333333	0	0	3.2	0	0.2666667	8.8666667
S13a	SRA	16/6/08	0-14	summer strat.	epi	epi	1	2008	7	3.9	7.94	1.79093	27.6	12.5	0.86	28	9	0.2	92.069	616	632	16.8	2.06254	6.89655	0.9	92	1.4	2	0.1	0.1	0.048	0.032	NA	4.8666667	13.7333333	2.4	2.6	0.4	0.6666667	1.1333333	0.2	0.0666667	4.1333333	0	0.2	2.9333333	1.7333333	1.3333333	0	0.6666667	0	0.3333333	7.2
run4.23	ERS1884170	16/7/14	0-6	summer strat.	epi	epi	4	2014	3	5.6	8.21	1.822633992	26.7	20	1.25	17.37	10.7217	2.89	109.859	683.14	1133.47	19.97142857	2.56491	3.224166667	1.1	102.6428571	1.5	2.04	NA	NA	0.059	0.047	9.364285714	4.4	33.2	4.5333333	3.4	0.9333333	0.1333333	0	0	0.0666667	3.6666667	0	0	6.2666667	0.6666667	3.5333333	0.3333333	4.4	0	4	20.2666667
run4.53	ERS1884203	16/8/11	0-10	summer strat.	epi	epi	4	2011	5	2.8	8.13	1.78	27.1	15	1.87	25	10	1.8	68	688	1392	19.4	11.72	10	1.6	96.95454545	3.6	5.8	0.3	1.5	NA	NA	8.953636364	6.2666667	47.7333333	7.8666667	3.8	0.7333333	2.4	0.0666667	0.4	1.2666667	3.0666667	0	0.0666667	3.6666667	0.1333333	0.0666667	0.2	1.8	0	0.9333333	7
run4.40	ERS1884189	16/9/14	0-12	summer strat.	epi	epi	4	2014	6	3.8	8.01	1.749127869	27.2	17.5	1.03	40.05	10.4819	18.47	52.826	780.46	1018.8	16.66923077	4.19913	7.233793103	0.7	88.84615385	1.8	16.6	NA	NA	0.061	0.047	8.830769231	5.8666667	32.5333333	5.5333333	4.6	0.9333333	0.4	0.1333333	0.0666667	0.1333333	4.8	0	0.0666667	5.6666667	1.0666667	1	0	3	0	2.3333333	13.4
run4.32	ERS1884180	17/6/14	0-12	summer strat.	epi	epi	4	2014	6	3.3	8.18	1.827187045	26.6	20	0.81	15.66	6.6151	4.03	41.10769231	579.57	950.28	14.89230769	1.4355	4.712413793	1	122.8769231	1.1	1.65	NA	NA	0.062	0.049	9.38	9	27.0666667	4.2666667	2.7333333	0.4	0.4666667	0	0.3333333	0.3333333	8.2666667	0	0.1333333	8.2	2.5333333	0.1333333	0	3.4666667	0.0666667	0.2	15.0666667
run4.192	ERS1884154	17/7/13	0-8	summer strat.	epi	epi	4	2013	4	4	8.13	1.740696774	26.6	22.5	0.82	17.39	8.847	0.975	65.89868966	649.487	587.712	18.17272727	5.664132	9.113103448	0.8	86.30909091	1.4	2.92	NA	NA	0.079	0.062	8.140909091	8.2	19.4	3.9333333	3.4666667	0.6	2.6666667	0.0666667	0.4	0.3333333	6.8666667	0	0	7.6666667	5.9333333	0.1333333	0	2.7333333	0	0.4666667	18.6
run4.98	ERS1884252	18/6/12	0-10	summer strat.	epi	epi	4	2012	5	4.5	8.02	1.814146415	27	15	0.81	13.2	7.9	1.42	38.90751724	589.622	431.896	15.4	1.87698	4.344827586	0.5	94.93636364	1.2	2.1	-0.03	1.45	NA	NA	9.520909091	3.6666667	11.0666667	8.5333333	2.4	0.6	0.8	0.0666667	0.6	0.0666667	1	0	0.2666667	0	0	0	0.0666667	1.6	0	40.2	42.3333333
run4.186	ERS1884147	18/6/13	0-6	summer strat.	epi	epi	4	2013	3	3.5	8.18	1.9272	26.4	22.5	0.8	16.02	8.069	1.669	50.52731034	639.661	197.52	17.12857143	2.68542	8.374965517	0.6	95.4	1.2	2.22	NA	NA	0.084	0.069	9.237142857	2.2	14.6666667	8.8666667	2.0666667	0.4666667	0.9333333	0.5333333	0.1333333	0.5333333	1.0666667	0	0.0666667	0	0	0.4	0.0666667	3.5333333	0	46.3333333	50.9333333
run4.16	ERS1884129	19/8/14	0-8	summer strat.	epi	epi	4	2014	4	3.4	8.08	1.7374	26.4	17.5	1.4	17.07	7.0537	3.52	77.41615385	622.79	965.52	20.06666667	5.66451	9.689230769	1.5	93.26666667	2.8	0.98	NA	NA	0.069	0.052	8.328888889	1.4666667	13.3333333	7.6666667	3.5333333	0.6666667	1.4666667	0.2666667	0.3333333	0.2	0.8666667	0	0.0666667	0	0	0	0.0666667	0.6	0	56.9333333	57.6666667
run4.197	ERS1884159	2/8/11	0-10	summer strat.	epi	epi	4	2011	5	4.8	8.3	1.92	27.2	15	1.15	23	0.1	2	79	611	1772	20.7	6.12	10	0.9	97.98181818	1.9	0.2	0.1	1.9	NA	NA	8.880909091	0.1333333	3.0666667	2.1333333	57.7333333	0.2	20.9333333	0.0666667	0.0666667	0	0.3333333	0	0.1333333	0	0	0	0.0666667	0.5333333	0	11.7333333	12.3333333
run4.43	ERS1884192	2/9/14	0-12	summer strat.	epi	epi	4	2014	6	3.75	7.91	1.875670588	26.2	15	1.31	37.25	27.4803	32.87	42.885	733.19	1018.8	16.72307692	3.6954	7.045517241	0.5	82.63846154	1.9	18.4	NA	NA	0.07	0.043	8.200769231	1.8666667	13.6	15.6666667	7.2666667	1.9333333	1.5333333	0.1333333	1.6666667	2.0666667	2.8666667	0	0.2	0.0666667	0	0	0	0	0	2.5333333	2.6
run4.159	ERS1884117	20/5/13	0	summer strat.	epi	epi	4	2013	0	3.35	8.03	1.8445056	26.1	32.5	1.13	19.12	3.545	1.456	61.18110345	695.497	34.068	13	3.45676	7.356551724	0.8	124.3	1.8	3.05	NA	NA	0.099	0.077	13.13	1.8	8.6	4.6	3.4	0.4	2	0.0666667	0.2	0.4666667	1.0666667	0	0	0	0	0	0.1333333	2.4666667	0	60.6	63.3333333
run4.160	ERS1884119	20/5/13	3.35	summer strat.	epi	epi	4	2013	3.35	3.35	8.03	1.8445056	26.1	32.5	1.13	19.12	3.545	1.456	61.18110345	695.497	34.068	12.1	3.45676	7.356551724	0.8	121.6	1.8	3.05	NA	NA	0.099	0.077	13.13	0.1333333	3.5333333	1.4666667	18.3333333	0.0666667	11.7333333	0.6	0.2	0.1333333	0.4	0	0	0	0	0	0.2	1.2666667	0	58	59.5333333
run4.161	ERS1884120	20/5/13	8.375	summer strat.	epi	epi	4	2013	8.375	3.35	8.03	1.8445056	26.1	32.5	1.13	19.12	3.545	1.456	61.18110345	695.497	34.068	10.6	3.45676	7.356551724	0.8	119.4	1.8	3.05	NA	NA	0.099	0.077	13.35	0.5333333	13.1333333	3.7333333	2.4666667	0.4666667	1.0666667	0.2	0.0666667	0.5333333	0.2	0	0	0	0	0	0.1333333	3.1333333	0	69.8	73.1333333
run4.162	ERS1884121	20/5/13	0-8	summer strat.	epi	epi	4	2013	4	3.35	8.03	1.8445056	26.1	32.5	1.13	19.12	3.545	1.456	61.18110345	695.497	34.068	11.75555556	3.45676	7.356551724	0.8	121.4333333	1.8	3.05	NA	NA	0.099	0.077	13.21666667	0.6	14.2666667	5.9333333	3.1333333	0.5333333	0.8666667	0.2	0.4	0.2666667	0.4666667	0	0.1333333	0	0	0.1333333	0.1333333	1.6666667	0	65.7333333	67.6666667
S18a	SRA	21/7/08	0-6	summer strat.	epi	epi	1	2008	3	5	8.5	1.74774	26.9	10	1.81	37	22	5	100.345	1222	1040	21.2	7.23006	11.7931	2.125	108	2.75	10	0.1	4.9	0.058	0.039	NA	0.8	14.6	5.0666667	4.2	0.5333333	1	0.0666667	0.6	0	0.4	0	0.0666667	0	0	0	0.1333333	4.8666667	0	60.6	65.8666667
run4.49	ERS1884198	21/7/14	0-6	summer strat.	epi	epi	4	2014	3	5.4	8.3	1.8837504	26.4	22.5	0.85	22.92	4.8918	5.02	79.18	699.85	1170.86	20.92857143	7.31259	6.175833333	0.9	106.3714286	1.4	-0.27	NA	NA	0.063	0.05	9.568571429	4	30.5333333	8.6666667	3.5333333	0.5333333	0.8666667	0.0666667	0.1333333	0.1333333	3.5333333	0	0	1.5333333	0.3333333	0.2	0	2.5333333	0	2.4	7.4666667
run4.81	ERS1884234	21/8/12	0-12	summer strat.	epi	epi	4	2012	6	3.3	8.14	1.823154023	27.1	15	2.1	58.18	10.3	9.148	81.92331034	654.781	771.2	19.19230769	9.276476	12.97931034	1.5	73.12307692	3	9.28	0.75	8.398	NA	NA	6.827692308	0.2666667	14.6666667	3.3333333	28	0.8	20.3333333	0.2	0.4	0.2666667	0.4666667	0	0.4	0	0.3333333	0	0.2666667	2.2666667	0	20.9333333	25.2666667
run4.164	ERS1884123	23/5/13	0	summer strat.	epi	epi	4	2013	0	3.6	8.43	NA	NA	NA	NA	20.3	NA	0.135	NA	673.684	NA	12.3	3.336345	NA	NA	110.5	NA	3.19	NA	NA	NA	NA	11.93	0.3333333	6.4666667	2.4	36.2666667	0.7333333	27.6	0	0.4	0.2	0.2666667	0	0.4666667	0	0	0	0.2	0.5333333	0.0666667	17.1333333	18.0666667
run4.165	ERS1884124	23/5/13	3.6	summer strat.	epi	epi	4	2013	3.6	3.6	8.43	NA	NA	NA	NA	20.3	NA	0.135	NA	673.684	NA	11.8	3.336345	NA	NA	111.1	NA	3.19	NA	NA	NA	NA	12.12	0.2666667	6.8	3.2666667	8.8666667	0.6	5.7333333	0.9333333	0.4	0.5333333	0.1333333	0	0.1333333	0	0.0666667	0.1333333	0.0666667	4.8	0.1333333	60.2666667	65.6666667
run4.167	ERS1884126	23/5/13	0-8	summer strat.	epi	epi	4	2013	4	3.6	8.43	NA	NA	NA	NA	20.3	NA	0.135	NA	673.684	NA	11.45555556	3.336345	NA	NA	111.2444444	NA	3.19	NA	NA	NA	NA	12.22555556	0	4.3333333	2.6666667	2.7333333	0.2666667	0.5333333	0.2	0.2	0.0666667	0.4666667	0	0.0666667	0	0	0	0	2	0	84.2	86.2
run4.12	ERS1884086	23/6/14	0-14	summer strat.	epi	epi	4	2014	7	4	7.97	1.886769231	26.6	20	1.24	17.15	10.332	5.87	34.80344828	624.63	950.93	14.52	3.0843	6.988965517	0.5	92.11333333	0.9	5.87	NA	NA	0.06	0.05	9.380666667	0.2	10.6	4.5333333	5.2666667	0.7333333	0.4666667	0.0666667	0.3333333	0.2	0.2	0	0	0	0	0	0	0.6	0	74	74.6
run4.106	ERS1884061	23/8/11	0-10	summer strat.	epi	epi	4	2011	5	3	7.98	1.83	27.2	17.5	2.2	29	7.3	1.7	72	632	944	18.90909091	7.04	9	1.1	85.4	3	7.9	0.3	1.4	NA	NA	8.041818182	0.1333333	10.7333333	7.2666667	4.3333333	0.4666667	0.8	0	0.5333333	0.4	0.2666667	0	0	0	0	0	0	1.1333333	0	70.8666667	72.2
S15a	SRA	24/6/08	0-14	summer strat.	epi	epi	1	2008	7	5.39	8.06	1.8688	26.8	12.5	0.64	21	7	1	34.3448	550	728	17	2.49436	7.03448	1	90	1	0.1	0.1	0.9	0.043	0.033	NA	0	6.4	4.5333333	2.4666667	0.2666667	0.1333333	0.1333333	0.1333333	0	0.0666667	0	0.0666667	0	0	0	0	0.6666667	0	83.4	84.0666667
run4.69	ERS1884220	24/7/12	0-14	summer strat.	epi	epi	4	2012	7	2	8.09	1.827576471	26.8	17.5	2.6	32.12	66	10.24	221.5862069	795.363	1172	18.3	11.017615	20.75103448	2.7	95.98	4.7	3.85	1.1	9.14	NA	NA	9.016	0	8.7333333	2.6	2.9333333	0.2666667	0.7333333	0.6666667	0.4	0	0.1333333	0	0	0	0	0	0	1.1333333	0	80	81.1333333
run4.193	ERS1884155	24/7/13	0-10	summer strat.	epi	epi	4	2013	5	3.2	8.05	1.96224	26.6	30	1.76	27.61	13.574	9.532	103.5271724	820.569	800.276	17.26363636	9.3742675	11.11103448	1.9	91.12727273	3.1	7.16	NA	NA	0.084	0.063	8.818181818	0.0666667	4.8666667	1.6666667	1.4666667	0.3333333	0.6666667	0.6	0.0666667	0.2	0.0666667	0	0	0	0	0	0	0.9333333	0	87.7333333	88.7333333
run4.17	ERS1884140	24/9/14	0-18	summer strat.	epi	epi	4	2014	9	3	8.1	1.769232787	27.4	15	1.55	42.75	26.7953	29.89	60.98137931	776.33	1369.06	15.00526316	2.99295	8.486896552	-1.42E-14	85.12631579	2.4	28.87	NA	NA	0.074	0.042	8.598947368	1.0666667	6.8666667	9.0666667	6.2	0.9333333	0.1333333	0	0.6666667	0.3333333	2.1333333	0	0.2666667	0.9333333	0	0.1333333	0.4666667	4.8	0	2.2666667	11.2
run4.184	ERS1884145	26/6/13	0-6	summer strat.	epi	epi	4	2013	3	4.8	8.14	1.8396	26.6	22.5	0.79	15.25	9.126	0.134	38.78744828	643.978	330.18	18.44285714	2.024216	5.165517241	0.7	95.94285714	1.4	2.18	NA	NA	0.081	0.064	9.038571429	0	8	2.4666667	3	0.6	1.5333333	15.5333333	0.5333333	0.2666667	0.4666667	0	0	0	0	0	0	0.9333333	0	64.6	65.5333333
run4.36	ERS1884184	26/8/14	0-12	summer strat.	epi	epi	4	2014	6	2.5	8.12	1.681354839	26.5	17.5	1.3	24.37	9.9104	21.58	53.49	683.39	996.43	17.76923077	3.40425	7.943448276	1.2	85.2	2.6	6.31	NA	NA	0.074	0.052	8.036923077	0.2	8.4666667	6.0666667	4	0.4666667	3.2	27.2666667	0.6666667	0.1333333	0.7333333	0	0	0	0	0	0	0.3333333	0	44	44.4
run4.169	ERS1884128	27/5/13	4.6	summer strat.	epi	epi	4	2013	4.6	4.6	8.32	1.891315663	26.4	35	1.41	18.78	7.331	0.115	52.91048276	641.481	75.012	12.2	2.574308	6.140344828	0.875	103.4	1.75	2.82	NA	NA	0.106	0.079	11.25	0.2666667	15.3333333	7	3.9333333	1	4	29.3333333	0.4666667	0.5333333	0.7333333	0	0.0666667	0	0	0	0	0.3333333	0	33.2	33.5333333
run4.170	ERS1884130	27/5/13	0	summer strat.	epi	epi	4	2013	0	4.6	8.32	1.891315663	26.4	35	1.41	18.78	7.331	0.115	52.91048276	641.481	75.012	13.2	2.574308	6.140344828	0.875	104.1	1.75	2.82	NA	NA	0.106	0.079	11.09	0	4.4	1.6	2.8666667	0.1333333	1.8	0.6666667	0.2	0.2666667	0.2	0	0	0	0	0	0.0666667	1.7333333	0	83.4666667	85.2666667
run4.172	ERS1884132	27/5/13	0-8	summer strat.	epi	epi	4	2013	4	4.6	8.32	1.891315663	26.4	35	1.41	18.78	7.331	0.115	52.91048276	641.481	75.012	12.23333333	2.574308	6.140344828	0.875	103.1111111	1.75	2.82	NA	NA	0.106	0.079	11.20666667	0	20.7333333	12.5333333	9.1333333	1.6	4.6666667	15.8	1.0666667	1.3333333	1.9333333	0	0.0666667	0	0	0	0	0.6	0	20.4666667	21.1333333
run4.119	ERS1884074	27/6/12	0-14	summer strat.	epi	epi	4	2012	7	NA	7.81	1.746690909	27.3	15	1	22.1	12.681	5.471	38.08875862	592.517	707.752	15.50666667	2.287317	7.248275862	1.1	92.66	1.9	6.79	0.541	4.93	NA	NA	9.180666667	0.0666667	39.4666667	23.5333333	5.6666667	1.4	2.6666667	7.4666667	2	1.2	0.6	0	0.2	0	0	0	0	0.2	0	8.5333333	8.8
run4.102	ERS1884057	28/8/12	0-14	summer strat.	epi	epi	4	2012	7	2.5	8.02	1.821018182	27.1	17.5	1.8	40.04	20.251	19.51	70.96551724	661	761.08	18.16666667	8.00448	11.43172414	1.6	84.38	3.4	19.5	2.178	17.332	NA	NA	8.020666667	0	13	3.4666667	3.3333333	0.4	1.6666667	18.0666667	0.2666667	0.5333333	0.3333333	0	0	0	0	0.0666667	0	0.6666667	0	55.6	56.4
run4.94	ERS1884248	29/5/12	0-10	summer strat.	epi	epi	4	2012	5	4	8.05	2.097050382	27.8	15	0.76	13.9	6.4	2.2	44.4137931	588	207.796	13.35454545	1.456475	6.144827586	0.7	96.70909091	1.3	3.44	0.391	NA	NA	NA	10.07090909	0.0666667	23.6666667	12.5333333	5.4	0.8666667	1.8	10.0666667	1.2	0.8	0.5333333	0	0	0	0	0	0	0.5333333	0	36.8	37.3333333
run4.30	ERS1884178	29/7/14	0-4	summer strat.	epi	epi	4	2014	2	3.4	8.77	1.701942857	26.4	20	1.1	20.39	6.3467	6.96	158.291	755.4	1098.6	24.74	11.72646	11.86916667	2.9	128.5	3.5	0.62	NA	NA	0.065	0.047	10.728	0.2	19.5333333	16.8666667	7.6666667	1.7333333	3.9333333	12.5333333	1.0666667	1.2666667	1.4666667	0	0	0	0	0	0	0.2666667	0	24.3333333	24.8666667
S10a	SRA	3/6/08	0-6	summer strat.	epi	epi	1	2008	3	6.5	8.05	1.72462	27.5	12.5	0.75	15	1	0.2	42.4138	604	292	16	1.35017	6.75862	0.6	101	1.8	1	0.1	0.1	0.044	0.036	NA	0	21	15.2666667	3.6666667	0.5333333	0.7333333	4.8	1.5333333	1.2	0.4	0	0	0	0	0	0	0.3333333	0	46.5333333	46.8666667
run4.179	ERS1884139	3/6/13	0-6	summer strat.	epi	epi	4	2013	3	3.16	8.25	1.894439024	26.5	30	0.81	15.29	5.194	1.75	63.24731034	646.473	137.908	16.28571429	2.19385	6.413103448	0.7	104	1.5	1.89	NA	NA	0.096	0.073	10.26285714	4.5333333	21.8666667	9.8666667	5.2666667	0.8666667	0.9333333	0.2666667	0.2666667	0.3333333	7.6	0	0	1.4666667	0.2666667	8.4666667	0.0666667	2.6666667	0	0.8	14.1333333
run4.182	ERS1884143	3/7/13	0-6	summer strat.	epi	epi	4	2013	3	5.9	8.12	1.859380645	26.6	30	0.66	14.28	7.055	2.175	35.37234483	646.4405	380.456	19.58571429	2.7753	6.429655172	1.1	97.75714286	1.2	2.18	NA	NA	0.075	0.066	9.001428571	0	22.6666667	16.4	1.7333333	0.6666667	0.8666667	2.8666667	0.8	0.6	0.2	0	0.0666667	0.0666667	0	0.0666667	0	0.6	0	47.8	48.6666667
run4.174	ERS1884134	30/5/13	0	summer strat.	epi	epi	4	2013	0	4.1	8.3	NA	NA	NA	NA	17.54	NA	-0.343	NA	655.661	NA	14.1	2.692536	NA	NA	104.4	NA	2.66	NA	NA	NA	NA	10.76	0.1333333	44.2	8.8666667	5.4666667	1	2.6666667	5	1.1333333	2	0.8	0	0.0666667	0.0666667	0	0.0666667	0	0.1333333	0	20.6666667	21.0666667
run4.176	ERS1884136	30/5/13	10.25	summer strat.	epi	epi	4	2013	10.25	4.1	8.3	NA	NA	NA	NA	17.54	NA	-0.343	NA	655.661	NA	12.3	2.692536	NA	NA	97.9	NA	2.66	NA	NA	NA	NA	10.49	0.0666667	24.2666667	20.2666667	4.6	1.0666667	4.0666667	12.4666667	1	0.8666667	1.2	0	0	0.0666667	0	0	0	0.2	0	18.9333333	19.2666667
run4.177	ERS1884137	30/5/13	0-10	summer strat.	epi	epi	4	2013	5	4.1	8.3	NA	NA	NA	NA	17.54	NA	-0.343	NA	655.661	NA	13.43636364	2.692536	NA	NA	101.5181818	NA	2.66	NA	NA	NA	NA	10.61	0.0666667	35.4666667	29.6	3.2666667	0.7333333	1.1333333	7.4	1.6666667	1.6	0.0666667	0	0	0	0	0	0	0.3333333	0	11.8	12.2666667
run4.54	ERS1884204	30/8/11	0-10	summer strat.	epi	epi	4	2011	5	3.34	7.72	1.73	27.8	15	1.32	32	2.4	0.7	66	679	665	18.8	5.22	8	1	88.34545455	2.4	15	0.1	0.6	NA	NA	8.183636364	0.3333333	53.8	12.9333333	3.4666667	0.9333333	1.3333333	1.6666667	1.2	1.5333333	0.6	0	0.0666667	0	0	0	0	0.2	0	15.2	15.4
S19a	SRA	31/7/08	0-14	summer strat.	epi	epi	1	2008	7	3.7	7.92	1.75055	26.7	12.5	2	33	41	22	67.7241	834	1608	18.9	4.19276	11.1724	0.6	80.4	0.9	12	2	20	0.063	0.033	NA	0.3333333	37.1333333	16.0666667	3.4	0.6	1.2666667	1.8	1.2666667	1.0666667	0.8666667	0	0.1333333	0	0	0	0	0.4666667	0	25.8666667	26.4666667
run4.104	ERS1884059	31/7/12	0-8	summer strat.	epi	epi	4	2012	4	3.1	8.38	1.740099623	26.6	17.5	1.95	24.14	25.5	4.2	179.5862069	793.5	1230	20.08888889	22.23192	11.82689655	3.1	112.2888889	4.2	1.52	0.084	4.116	NA	NA	10.14333333	0.0666667	29.4	29.6	3	0.8	2.5333333	3.0666667	2.2666667	1.6	0.6	0	0.0666667	0.0666667	0	0.0666667	0	0.3333333	0	14.8	15.4
run4.195	ERS1884157	31/7/13	0-10	summer strat.	epi	epi	4	2013	5	3.8	8.01	1.837156972	26.6	25	0.87	22.65	11.796	1.856	83.52413793	836.976	835.288	18.91818182	6.450963	10.36862069	1.2	99.29090909	1.8	2.13	NA	NA	0.072	0.062	9.194545455	0.1333333	39	28	3.3333333	0.6666667	0.9333333	2.5333333	2.6666667	1.5333333	0.4	0	0.2	0	0	0	0	0.4	0	9.1333333	9.6666667
run4.84	ERS1884237	4/7/12	0-12	summer strat.	epi	epi	4	2012	6	NA	8.06	1.790933333	26.2	15	1.33	16.43	15.339	5.003	62.6117931	672.333	842.844	16.77692308	4.758555	7.386206897	1.5	92.53846154	2.4	3.67	0.692	4.311	NA	NA	9.078461538	0.0666667	28.4666667	36.9333333	1.7333333	0.2666667	1.2	2.8	2.1333333	1.4	0.4	0	0.0666667	0.0666667	0	0	0	0.2	0	16.7333333	17
run4.205	ERS1884166	5/8/13	0-6	summer strat.	epi	epi	4	2013	3	3.7	8.23	1.815458268	26.8	30	1.5	23.79	6.546	0.271	105.5862069	707	831.712	20.47142857	6.952344	12.10655172	1.7	108.5	2.2	1.19	NA	NA	0.08	0.061	9.872857143	0.7333333	56.6	10.8	9.8666667	1.8666667	1.6	0.3333333	0.4	1.1333333	1.7333333	0	0	0.0666667	0	0	0.0666667	0.8	0.0666667	1.4666667	2.4666667
run4.28	ERS1884175	5/8/14	0-4	summer strat.	epi	epi	4	2014	2	3.7	8.38	1.789337705	26.3	17.5	1.08	16.95	21.142	4.9	79.01866667	675.12	1198	22.98	7.89633	11.51	1.7	101.54	2.3	4.63	NA	NA	0.068	0.048	8.784	5.2	44.0666667	6.9333333	3	0.7333333	0.6666667	0.4	0.1333333	0.0666667	2.9333333	0	0	6.0666667	0.9333333	2.3333333	0.0666667	2.6666667	0	2.3333333	15.0666667
run4.56	ERS1884206	6/9/11	0-10	summer strat.	epi	epi	4	2011	5	2.6	8.04	1.79	27.9	17.5	1.55	41	113	3.4	54	669	768	18.15454545	3.62	3	0.9	84.88181818	1.9	26	0.4	3	NA	NA	7.989090909	0.0666667	44.2666667	25.2	1.8	0.2	0.6666667	8.5333333	2.2	0.6666667	0.2	0	0	0	0	0	0	0	0	12.6	12.6
S14a	SRA	7/7/08	0-10	summer strat.	epi	epi	1	2008	5	3.8	8.16	1.6808	26.9	15	1.05	26	11	2	114.483	959	872	19	11.3365	12.4828	1.5	101	2	3	0.1	1.9	0.044	0.036	NA	1.6666667	46.5333333	10.5333333	7.6666667	1.6666667	1.6666667	0.0666667	0.4	1	4.0666667	0	0.0666667	0	0	0	0.0666667	0.2	0	3.4666667	3.7333333
run4.180	ERS1884141	8/7/13	0-8	summer strat.	epi	epi	4	2013	4	3.57	8.05	1.954422311	26.8	22.5	0.52	18.22	7.597	-0.909	47.72337931	743.539	446.848	18.56363636	3.69177675	5.780689655	1	87.11818182	1.2	3.03	NA	NA	0.07	0.061	8.228181818	0.8666667	46.1333333	21	7.8666667	1.2	1.8666667	0.2	0.2	1.2	1.3333333	0	0.1333333	0	0	0	0	1.5333333	0.0666667	0.4	2.0666667
run4.110	ERS1884065	9/8/11	0-8	summer strat.	epi	epi	4	2011	4	3	8.17	1.8	27	15	1.94	26	7	3.1	95	641	1748	20.48888889	7.67	7	1.9	91.65555556	3.3	2.2	0.6	2.5	NA	NA	8.174444444	0.4	44.3333333	28.3333333	4.9333333	1.3333333	1.1333333	0.0666667	0.7333333	1.0666667	1.4	0	0.0666667	0	0	0	0	0.1333333	0	1.8666667	2.0666667
run4.74	ERS1884226	9/8/12	0-10	summer strat.	epi	epi	4	2012	5	3	8.06	1.780551111	27.3	15	1.02	31.71	47.6	15.45	68.68965517	619.083	1324	19.49090909	6.199482	7.296551724	0.5	88.69090909	1.5	5.53	2.034	13.416	NA	NA	8.196363636	0.4666667	29.9333333	15.3333333	9.2666667	1.8666667	2.4	1.5333333	1.7333333	1	3.1333333	0	0.1333333	0.1333333	0	0.3333333	0.0666667	4.0666667	0.0666667	5	9.6666667
run4.25	ERS1884172	9/9/14	0-12	summer strat.	epi	epi	4	2014	6	4	7.98	1.849652459	27.2	15	1.03	40.14	20.852	28.95	40.755	688.51	1189.23	17.12307692	1.8621	5.610344828	1	83.49230769	2	19.36	NA	NA	0.067	0.042	8.099230769	1.2	49.0666667	9.4666667	8.5333333	2.2666667	2.0666667	0.1333333	0.2666667	1.2	1.9333333	0	0	0	0	0	0.3333333	3.5333333	0.0666667	0.9333333	4.8666667
run4.8	ERS1884243	1/7/14	18-20	summer strat.	hypo	hypo	4	2014	19	4.6	7.95	1.778524303	26.7	20	0.85	18.84	17.7053	9.68	34.14068966	648.6	1223.38	11.56666667	0	5.049655172	0.5	18.4	1.375	6.59	NA	NA	0.064	0.05	1.98	0.8666667	52.1333333	22.1333333	5.6666667	1.3333333	0.4666667	0.2	0.8	1.3333333	1.1333333	0	0	0	0	0.0666667	0	0.2666667	0	0.7333333	1.0666667
run4.42	ERS1884191	10/6/14	Aug-20	summer strat.	hypo	hypo	4	2014	14	4	8.14	1.769863529	26.3	20	0.65	13.86	2.1069	2.18	44.44275862	592.88	824	10.98461538	0	4.999310345	0.4	68.31538462	0.9	0.65	NA	NA	0.065	0.055	7.598461538	0.4666667	64.8666667	11.6666667	7	2.1333333	0.8666667	0.0666667	0.8	1.2	1.0666667	0	0	0	0.0666667	0	0	0.4	0	0.7333333	1.2
run4.187	ERS1884148	11/6/13	Oct-20	summer strat.	hypo	hypo	4	2013	15	4	8.08	1.760477419	26.6	25	0.75	17.33	5.785	3.835	33.41055172	623.36	274.96	8.954545455	0	5.987793103	0.9	65.73636364	1.2	3.27	NA	NA	0.087	0.072	7.603636364	0.4666667	45.2666667	22.8666667	3.9333333	1	1.1333333	0.3333333	0.8	1.2666667	0.6	0	0.0666667	0	0	0.0666667	0.0666667	0.2	0	10.2666667	10.7333333
run4.75	ERS1884227	11/7/12	Oct-20	summer strat.	hypo	hypo	4	2012	15	5.4	8.21	1.872366412	26.9	15	0.9	19.5	24.231	7.367	50.00689655	616	896.4	15.44545455	0	7.726551724	1	62.07272727	1.6	6.7	1.803	5.564	NA	NA	6.111818182	2.0666667	40.2	17.8666667	8.6666667	1.6666667	1.7333333	0.6666667	1	1.5333333	2	0	0.0666667	0.8666667	0	0.0666667	0	1.4	0.2666667	0.3333333	2.9333333
run4.46	ERS1884195	12/8/14	Dec-20	summer strat.	hypo	hypo	4	2014	16	3	7.99	1.762011429	26.4	20	2.2	41.19	6.2455	61.34	94.015	714.85	1999.45	14.5875	0	16.09583333	2.2	10.65	3	14.93	NA	NA	0.107	0.052	1.075	3.9333333	24.9333333	14.5333333	3.8	0.4666667	0.4	0.0666667	0.1333333	0.1333333	6.1333333	0	0.0666667	2.4	0.3333333	5.2666667	0.0666667	4.4	0	1.4666667	14.9333333
run4.152	ERS1884110	13/5/13	Jun-20	summer strat.	hypo	hypo	4	2013	14	1.7	8.53	1.780258065	26.1	35	2.3	34.17	3.118	0.227	127.6297931	723.87	22.144	6.96	0	19.11448276	3.9	94.92666667	7.2	2.42	NA	NA	0.127	0.085	11.478	1.6	51.2	15.9333333	6.6666667	1.6666667	1.3333333	0.2666667	0.2	1.5333333	1.2	0	0.0666667	0.7333333	0	0.0666667	0	2	0.0666667	0.4	3.4
run4.200	ERS1884162	13/8/13	Oct-20	summer strat.	hypo	hypo	4	2013	15	3.8	7.69	1.851913253	26.8	30	1.9	36.79	15.961	63.008	55.79310345	703	1763.084	12.32727273	0	7.811034483	1.1	6.472727273	2.5	26.21	NA	NA	0.101	0.064	0.669090909	1.5333333	38.6	20.7333333	7.6666667	1.7333333	2.0666667	0.6666667	0.3333333	2.4	1.9333333	0	0.0666667	0.2	0	0	0.0666667	4.5333333	0	0.0666667	5
run4.109	ERS1884064	13/9/11	18-20	summer strat.	hypo	hypo	4	2011	19	3	7.86	1.86	28.3	17.5	2.8	136	123	6.7	59	755	1908	15	0	10	1	1.1	2.4	115	1.2	5.5	NA	NA	0.113333333	1.2	25.8	31.4666667	9.7333333	2.9333333	1.5333333	0.1333333	1.2666667	1.4666667	1.5333333	0	0	0.2	0	0.0666667	0.1333333	3.0666667	0	0.4666667	4.2666667
run4.108	ERS1884063	14/8/12	14-20	summer strat.	hypo	hypo	4	2012	17	2.7	7.91	1.94696965	26.8	15	1.33	52.31	25	87.553	48.62958621	731.936	2156.8	16.24285714	0	9.150689655	0.7	2.928571429	1.9	37.41	4.046	NA	NA	NA	0.3	1	43.4	15	11	2.4	3.1333333	0.2	0.1333333	2	2.2666667	0	0	0	0.0666667	0	0.1333333	1.6666667	0.0666667	0.4666667	2.4666667
run4.156	ERS1884114	16/5/13	0-4	summer strat.	hypo	hypo	4	2013	2	2.5	8.49	NA	NA	NA	NA	26.55	NA	0.651	NA	674.97	NA	8.4	0	NA	NA	115.6	NA	3.03	NA	NA	NA	NA	13.66	0.5333333	45.6666667	31	5.2	1.0666667	0.4	0.0666667	0.2	1.4	0.6666667	0	0.0666667	0	0	0	0	1.5333333	0	0.7333333	2.2666667
run4.158	ERS1884116	16/5/13	Jun-20	summer strat.	hypo	hypo	4	2013	14	2.5	8.49	NA	NA	NA	NA	26.55	NA	0.651	NA	674.97	NA	7.113333333	0	NA	NA	89.46	NA	3.03	NA	NA	NA	NA	10.87466667	1	50.4	18.0666667	8	2.0666667	2.8	0.1333333	0.4	1.2	0.5333333	0	0.0666667	0.0666667	0	0.0666667	0.0666667	1.9333333	0	0.2	2.4
run4.1	ERS1884053	16/7/14	Oct-20	summer strat.	hypo	hypo	4	2014	15	5.6	7.87	1.764464822	26.5	20	1.2	30.08	19.5817	30.53	39.254	673.28	1508.69	14.45454545	0	2.011666667	0.7	51.92727273	1.3	10.52	NA	NA	0.065	0.046	5.4	9.0666667	57.2	6.8	0.8666667	0.1333333	0.0666667	0.1333333	0.1333333	0.5333333	0.9333333	0	0	11.6	0.0666667	0	0	1.4	0	0.0666667	13.6
run4.63	ERS1884214	16/8/11	Dec-20	summer strat.	hypo	hypo	4	2011	16	2.8	8.04	1.78	27.1	15	1.98	31	5	8.2	72	694	1600	15.6	0	10	1.6	1.9	3.6	10	0.4	7.8	NA	NA	0.196666667	3.9333333	77.0666667	7.2666667	0.6	0.0666667	0.0666667	0	0.2	0.0666667	1	0	0	1.5333333	0	0	0	0.1333333	0	0	1.8666667
run4.11	ERS1884075	16/9/14	14-20	summer strat.	hypo	hypo	4	2014	17	3.8	8	1.789337705	27	17.5	1.08	44.97	25.2853	9.07	41.28	681.02	1340.64	15.07142857	0	6.562758621	0.6	8.014285714	1.7	24.85	NA	NA	0.07	0.05	0.81	1.3333333	47.4666667	19.8666667	5.5333333	0.9333333	1.2	0.1333333	0.7333333	2.6	1.2	0	0	3.4666667	0.0666667	0.1333333	0	0.8666667	0.1333333	0.5333333	5.3333333
run4.47	ERS1884196	17/6/14	16-20	summer strat.	hypo	hypo	4	2014	18	3.3	8.13	1.827187045	26.6	20	0.77	14.62	9.4168	5.56	32.39384615	594.06	977.41	11.4	0	4.604827586	1.4	57.68	1.4	2.31	NA	NA	0.061	0.048	6.35	6.8666667	37.4	6	1.8666667	0.4	1.2	0.6	0.0666667	0.1333333	5.8666667	0	0.2666667	2.6	0.0666667	0.1333333	0	3.2666667	0	0.0666667	6.6666667
run4.191	ERS1884153	17/7/13	Dec-20	summer strat.	hypo	hypo	4	2013	16	4	7.9	1.859380645	26.6	30	1.07	24.23	8.629	27.546	41.4402069	665.295	905.412	10.3	0	5.953793103	0.4	21.68888889	1.1	9.65	NA	NA	0.082	0.064	2.441111111	1.4	43.8	19.2	7.4	2.1333333	1.6	0.2666667	0.4	1.6	1.3333333	0	0	0.2666667	0	0.0666667	0.0666667	3.5333333	0.2	0.2666667	4.4
run4.96	ERS1884250	18/6/12	Dec-14	summer strat.	hypo	hypo	4	2012	13	4.5	7.99	1.888193208	27	15	0.84	15.3	9.1	2.91	43.05703448	586.162	509.312	13.5	0	4.882758621	0.5	82	1.5	3.04	0.16	2.75	NA	NA	8.563333333	2	26.6666667	22.2666667	9	2.0666667	2.1333333	0.2666667	0.7333333	2.1333333	3.1333333	0	0.1333333	0.6666667	0.0666667	0	0.1333333	3.5333333	0.3333333	0.6	5.5333333
run4.185	ERS1884146	18/6/13	Oct-20	summer strat.	hypo	hypo	4	2013	15	3.5	7.9	1.907733333	26.5	35	1.07	19.56	8.827	7.078	37.71634483	631.647	378.116	9.472727273	0	5.402896552	0.3	57.75454545	1.2	5.02	NA	NA	0.088	0.071	6.632727273	4.4	61.4	15.6	0.4666667	0.2	0.2	0.0666667	0.4	0.2	0.7333333	0	0	8.2666667	0	0	0	0	0	0	8.3333333
run4.38	ERS1884186	19/8/14	Dec-20	summer strat.	hypo	hypo	4	2014	16	3.4	7.63	1.8396	26.5	20	2.4	56.45	6.654	98.82	40.93230769	686	2766.44	14.61111111	0	7.889230769	1	3.333333333	2.4	43.65	NA	NA	0.119	0.053	0.332222222	3.8	39.1333333	25.2666667	2.4666667	0.8	0.3333333	0.2	0.5333333	1.2	2	0	0	2.1333333	0	0.1333333	0	0.4	0	0.1333333	2.9333333
run4.199	ERS1884161	2/8/11	14-20	summer strat.	hypo	hypo	4	2011	17	4.8	7.66	2.03	27.4	17.5	3	88	14	116	44	692	3920	15.93636364	0	8	0.6	20.24545455	2.1	70	3.2	112.8	NA	NA	1.929090909	4.3333333	63.2	10	0.9333333	0.2	0.4	0.0666667	0.3333333	0.3333333	0.6666667	0	0.1333333	9.6	0.0666667	0.1333333	0.0666667	0.5333333	0	0.1333333	10.6
run4.4	ERS1884199	2/9/14	14-20	summer strat.	hypo	hypo	4	2014	17	3.75	7.88	1.896282353	26.2	17.5	1.48	36.15	25.3838	36.07	37.933	701.62	1340.64	15.04285714	0	6.255517241	0.5	2.428571429	1.5	19.73	NA	NA	0.076	0.042	0.247142857	3.3333333	53.9333333	20.0666667	2.1333333	0.4	0.5333333	0.2666667	0.0666667	0.6	1.4	0	0.0666667	1.6	0.1333333	0.0666667	0	0.5333333	0.0666667	0	2.4
run4.163	ERS1884122	20/5/13	Oct-20	summer strat.	hypo	hypo	4	2013	15	3.35	8.29	1.8052608	26.1	35	1.34	21.25	8.934	1.72	55.75413793	669.82	57.688	7.190909091	0	7.792413793	0.9	86.20909091	2.2	4.54	NA	NA	0.105	0.085	10.45363636	1	71.1333333	12.3333333	1.3333333	0.5333333	0.4	0.1333333	0.1333333	1.0666667	0.8666667	0	0	3.4	0	0.0666667	0	0.2666667	0	0	3.8
run4.2	ERS1884177	21/7/14	Dec-20	summer strat.	hypo	hypo	4	2014	16	5.4	7.86	1.8445056	26.6	20.5	0.81	29.09	14.9835	45.09	22.52416667	929.73	1435.42	14.41111111	0	4.845833333	0.4	36.38888889	0.9	16.8	NA	NA	0.067	0.048	3.735555556	0.2666667	75.8	15.6666667	1	0.3333333	0.2666667	0	0.2666667	0.6666667	0.1333333	0	0	0.3333333	0	0	0.0666667	0.6	0	0	1.0666667
run4.76	ERS1884228	21/8/12	14-20	summer strat.	hypo	hypo	4	2012	17	3.3	7.94	1.841949425	27.2	15	2	113.29	23.647	0.191	66.51717241	704.386	1744.8	16.14285714	0	12.54551724	1.2	1.1	2.6	37.05	3.552	-3.361	NA	NA	0.124285714	1.4666667	75	7.6666667	1.6666667	0.3333333	0.6666667	0	0.2	1.3333333	0.6666667	0	0	1.1333333	0.0666667	0.2	0	1.1333333	0	0	2.6
run4.166	ERS1884125	23/5/13	0-04	summer strat.	hypo	hypo	4	2013	2	3.6	8.1	NA	NA	NA	NA	21.52	NA	0.965	NA	683.293	NA	9.4	0	NA	NA	110	NA	5.11	NA	NA	NA	NA	12.63	0.6	44.4666667	28.2	4.2666667	0.7333333	1.4666667	0.2	0.5333333	1.5333333	0.6	0	0	2.8	0	0.0666667	0	0.7333333	0.3333333	0.4	4.4666667
run4.168	ERS1884127	23/5/13	Oct-20	summer strat.	hypo	hypo	4	2013	15	3.6	8.1	NA	NA	NA	NA	21.52	NA	0.965	NA	683.293	NA	7.336363636	0	NA	NA	86.92727273	NA	5.11	NA	NA	NA	NA	10.46090909	0.6666667	59.6	23.0666667	0.0666667	0	0	0	0.4666667	0.6	0.1333333	0	0	3.1333333	0	0	0	0.1333333	0	0	3.4666667
run4.26	ERS1884173	23/6/14	14-20	summer strat.	hypo	hypo	4	2014	17	4	8.05	1.807326316	26.6	20	1.01	19.5	10.0053	5.94	45.83310345	635.77	970.82	11.5	0	5.084827586	0.5	40.2	1	3.98	NA	NA	0.063	0.051	4.405	2.6666667	57.4666667	18.5333333	1.8	0.5333333	0.2666667	0	0.2	0.1333333	2.7333333	0	0	2.2	0.0666667	0.5333333	0	0.5333333	0	0.1333333	3.5333333
run4.50	ERS1884200	23/8/11	14-20	summer strat.	hypo	hypo	4	2011	17	3	7.72	1.83	27.3	17.5	2.3	64	33	25.8	62	658	1848	15.21428571	0	10	1.1	0.585714286	3.4	39	3.8	22	NA	NA	0.06	2.7333333	66.2666667	10.0666667	1.0666667	0.2	0.0666667	0.0666667	0.1333333	0.1333333	1.7333333	0	0	2.8666667	0.3333333	0.3333333	0	0.8666667	0	0.0666667	5.5333333
run4.92	ERS1884246	24/7/12	16-20	summer strat.	hypo	hypo	4	2012	18	2	8.05	1.827576471	27.1	15	2.7	35.72	19.3	22.11	205.1724138	896.302	1456	15.06	0	19.67724138	2.266666667	20.36	4.8	6.9	1.9	20.21	NA	NA	2.038	0.6	49.4666667	21.1333333	0.5333333	0.1333333	0.1333333	4.0666667	0.2	0.0666667	0.6666667	0	0.0666667	0.6	0	0.0666667	0	0.1333333	0	0.2	1.5333333
run4.194	ERS1884156	24/7/13	Dec-20	summer strat.	hypo	hypo	4	2013	16	3.2	7.64	1.8445056	26.3	30	2.6	42.9	12.385	66.93	50.96586207	692.707	1741.46	10.64444444	0	7.255172414	1.125	14.27777778	2.75	29.1	NA	NA	0.101	0.064	1.593333333	1.4666667	47.6666667	23.0666667	1.6	0.6	0.1333333	1.6	0.2	0.3333333	2.7333333	0	0.0666667	0.4	0	0.2666667	0	0.1333333	0	0.2666667	1.2
run4.15	ERS1884118	24/9/14	18-20	summer strat.	hypo	hypo	4	2014	19	3	8.01	1.789337705	27.3	15	2.5	43.49	37.122	28.71	61.12758621	760.45	1373.28	14.6	0	8.1	-0.8	1.65	2.8	29.31	NA	NA	0.078	0.043	0.17	0.8	39.9333333	26.5333333	0.5333333	0	0	1.2	0	0.2	0.4	0	0	2.6	0.0666667	0	0	0.2666667	0	0.1333333	3.3333333
run4.183	ERS1884144	26/6/13	Dec-20	summer strat.	hypo	hypo	4	2013	16	4.8	7.76	1.80003871	26.8	22.5	1	23.46	11.184	22.02	25.93248276	632.655	891.156	9.972727273	0	5.234482759	0.8	48.12727273	1.7	10.9	NA	NA	0.092	0.075	5.449090909	0.2666667	25.3333333	36.4666667	0.3333333	0	0	0.3333333	0.6666667	0.0666667	0.2666667	0	0.0666667	3	0.0666667	0.0666667	0	0	0	0.3333333	3.8666667
run4.35	ERS1884183	26/8/14	14-20	summer strat.	hypo	hypo	4	2014	17	2.5	8	1.740696774	26.4	17.5	1.59	36	11.152	46.26	52.962	738.65	1494.86	14.86666667	0	7.551034483	1.2	0.533333333	2.7	17.7	NA	NA	0.083	0.048	0.053333333	1	53.8	11.8666667	1.2	0.2	0.2	0.2	0.2666667	0	0.4666667	0	0.2666667	17.3333333	0.0666667	0.2	0.0666667	0.4666667	0	0.2	18.7333333
run4.171	ERS1884131	27/5/13	0-04	summer strat.	hypo	hypo	4	2013	2	4.6	8.07	1.970120482	26.5	35	1.39	20.71	12.368	2.55	47.97662069	635.123	145.644	8.3	0	5.942068966	0.7	90.9	1.7	6.25	NA	NA	0.109	0.08	10.82	2.0666667	40.6666667	13.2	2.8666667	0.6	0.4666667	0.0666667	0.4666667	0.2666667	2.0666667	0	0.1333333	8.1333333	0.0666667	0.2666667	0	0.3333333	0	0.4	9.6
run4.173	ERS1884133	27/5/13	Oct-18	summer strat.	hypo	hypo	4	2013	14	4.6	8.07	1.970120482	26.5	35	1.39	20.71	12.368	2.55	47.97662069	635.123	145.644	7.766666667	0	5.942068966	0.7	84.05555556	1.7	6.25	NA	NA	0.109	0.08	10.13222222	4.9333333	27.1333333	6.9333333	4.6666667	0.8666667	0.8666667	0.2	0.2666667	0.1333333	3.9333333	0	0.2	2.6666667	0.7333333	0.6	0	2.8666667	0	1.4666667	8.8666667
run4.86	ERS1884239	27/6/12	14-20	summer strat.	hypo	hypo	4	2012	17	NA	7.69	1.728109091	27.3	15	1.1	20.29	13.836	10.204	32.46034483	594.409	854.68	13.47142857	0	5.436551724	0.9	65.25714286	1.9	8.18	1.07	9.134	NA	NA	6.754285714	0.9333333	10.6	7.4666667	5.2	0.7333333	14.1333333	0	0.6	0.4666667	1.4	0	0.0666667	0.1333333	0	0	0.2	2.8	0	40.9333333	44.2666667
run4.100	ERS1884055	28/8/12	16-20	summer strat.	hypo	hypo	4	2012	18	2.5	8.02	1.895345455	27.1	17.5	2.1	44.19	26.746	25.581	67.93103448	691	978.564	16.075	0	10.52482759	1.428571429	0.54	3.428571429	25.89	2.858	22.723	NA	NA	0.062	0.5333333	52.6	20.2	1.0666667	0	0.0666667	1.2	0.3333333	0.2	0.7333333	0	0.0666667	1.4	0.4666667	0.4	0	0.8	0	0.4666667	3.7333333
run4.117	ERS1884072	29/5/12	Dec-20	summer strat.	hypo	hypo	4	2012	16	4	8.12	1.984708397	27.8	15	0.82	13.4	6.6	2	26.06896552	581	233.456	10.53333333	0	4.075862069	0.4	83.97777778	1.6	3.42	0.173	NA	NA	NA	9.301111111	0.2666667	8.4666667	44.6	0.0666667	0	0.0666667	1.8	0.6666667	0.1333333	0.0666667	0	0.1333333	2.2666667	0.7333333	0	0	0.0666667	0	0.1333333	3.4
run4.13	ERS1884096	29/7/14	Oct-20	summer strat.	hypo	hypo	4	2014	15	3.4	7.88	1.802057143	26.6	15	0.95	29.86	11.9467	66.62	51.212	703.67	2164.16	14.91818182	0	5.113333333	0.9	27.31818182	1.6	15.75	NA	NA	0.064	0.046	2.760909091	1.6	51.0666667	12.5333333	1.8	0.3333333	0.4666667	0.8666667	0.3333333	0.2	1.8	0	0.0666667	2.8	1.8	0.1333333	0	0.3333333	0	0.0666667	5.7333333
run4.189	ERS1884150	3/6/13	Oct-20	summer strat.	hypo	hypo	4	2013	15	3.16	8.18	1.774790244	26.5	30	1.25	17.3	7.724	1.462	55.00606897	623.281	169.716	8.190909091	0	7.235862069	0.9	75.41818182	1.6	2.46	NA	NA	0.098	0.075	8.932727273	1.3333333	68.1333333	6	1.1333333	0.1333333	0.2	0.6666667	0.2	0.7333333	1.0666667	0	0.0666667	3.5333333	0.6666667	0.0666667	0.0666667	0.4666667	0	0.0666667	5
run4.181	ERS1884142	3/7/13	Oct-20	summer strat.	hypo	hypo	4	2013	15	5.9	7.95	1.859380645	26.5	30	0.62	16.42	9.121	13.698	28.58924138	624.3715	584.672	10.00909091	0	4.326896552	0.6	34.88181818	0.9	5.29	NA	NA	0.076	0.068	3.935454545	1.6666667	31.7333333	16.5333333	1.2666667	0.1333333	0.4	3.6	0.2	0.4666667	1.9333333	0	0.1333333	5.2666667	1.0666667	0.5333333	0	0.3333333	0	0.2	7.7333333
run4.178	ERS1884138	30/5/13	Dec-20	summer strat.	hypo	hypo	4	2013	16	4.1	8.2	NA	NA	NA	NA	17.62	NA	0.418	NA	679.894	NA	8.2375	0	NA	NA	82.5625	NA	3.91	NA	NA	NA	NA	9.73375	5.2	24.7333333	6.8666667	4.6	1.1333333	0.4666667	0	0.6666667	0.2	2.4	0	0	0.3333333	0	1.4666667	0.0666667	7.2666667	0.0666667	0.7333333	10.4666667
run4.52	ERS1884202	30/8/11	Dec-20	summer strat.	hypo	hypo	4	2011	16	3.34	7.88	1.84	27.9	15	2.1	58	26	9.1	49	684	1380	15.71111111	0	9	1	1.833333333	2.5	42	1.8	7.3	NA	NA	0.187777778	1.8	10.2	8.3333333	4.3333333	0.4666667	1.2666667	0	0.3333333	0.6666667	1	0	0.2666667	0.7333333	0.1333333	0	0.8666667	14.6	0.0666667	21.6	39.8
run4.115	ERS1884070	31/7/12	Dec-20	summer strat.	hypo	hypo	4	2012	16	3.1	8.08	1.703076226	26.8	17.5	1.9	36.5	29.5	38.6	44.68965517	665.5	1682	16.05555556	0	8.106896552	0.7	24.08888889	2.1	15.78	2.353	36.247	NA	NA	2.348888889	9.9333333	39.6666667	8.8	3.2	0.5333333	1.7333333	0	0.2	0.6	5.8	0	0.0666667	2	1.4	0	0.0666667	0.5333333	0	0.4666667	5.0666667
run4.196	ERS1884158	31/7/13	Dec-20	summer strat.	hypo	hypo	4	2013	16	3.8	7.97	1.798068526	26.6	30	1.39	28.14	16.397	17.071	22.012	695.967	1073.46	11.11111111	0	8.035862069	1.2	8.222222222	2	8.57	NA	NA	0.079	0.066	0.894444444	1	12.4	5.5333333	6	1	5.8	0.2666667	0.0666667	0.5333333	0.9333333	0	0.2	0.2666667	0	0	0.3333333	5.2666667	0	48.5333333	54.7333333
run4.114	ERS1884069	4/7/12	14-20	summer strat.	hypo	hypo	4	2012	17	NA	8.02	1.907733333	26.1	15	1.36	19.14	19.602	10.796	36.65262069	635.779	968.028	14.62857143	0	5.231724138	0.9	61.75714286	2.5	6.72	1.835	8.961	NA	NA	6.327142857	1.2	22.4	10.3333333	8.1333333	1.4666667	2.6	0.0666667	0.4	0.2666667	3.7333333	0	0.0666667	7.2	0.0666667	1.7333333	0	1.3333333	0	2.0666667	12.6
run4.203	ERS1884164	5/8/13	Dec-20	summer strat.	hypo	hypo	4	2013	16	3.7	7.79	1.815458268	26.9	30	2.4	33.68	9.693	45.085	76.68965517	680	1524.74	11.2	0	11.74758621	1.1	3.777777778	2.2	18.7	NA	NA	0.095	0.066	0.418888889	14.0666667	31.2	4.7333333	2	0.4666667	2.0666667	0	0.2	0.2666667	5.6	0	0	4.8666667	4.2666667	0.2666667	0	2.2666667	0	0.0666667	12.9333333
run4.37	ERS1884185	5/8/14	Dec-20	summer strat.	hypo	hypo	4	2014	16	3.7	7.75	1.809442623	26.5	17.5	1.36	40.03	19.947	75.89	34.46133333	738.66	2431	14.78888889	0	8.134	0.9	16.38888889	1.7	26.1	NA	NA	0.078	0.049	1.674444444	2.6	62.6666667	5.8	3.6	0.5333333	0.8	0	0	0.2666667	1.6666667	0	0	0.8666667	0.5333333	0.2	0	0.4	0	0.5333333	2.9333333
run4.118	ERS1884073	6/9/11	14-20	summer strat.	hypo	hypo	4	2011	17	2.6	7.9	1.79	28.1	17.5	2.1	70	56	11	11	653	1363	15.55714286	0	6	0.7	0.785714286	1.9	55	1.3	9.7	NA	NA	0.084285714	3.2666667	37.4666667	5.9333333	2.6666667	0.7333333	0.1333333	0.2	0.2	0.1333333	2.6	0	0	8	1	0.8	0.1333333	0.4666667	0	1.1333333	12.4
run4.190	ERS1884152	8/7/13	Dec-20	summer strat.	hypo	hypo	4	2013	16	3.57	7.95	1.837156972	26.5	22.5	0.74	18.84	7.169	13.379	37.61855172	612.075	689.384	10.17777778	0	7.778275862	0.6	35.47777778	1.3	7.33	NA	NA	0.075	0.062	4.06	0.5333333	10.2666667	2.6	5.4	0.7333333	9.1333333	0	0.0666667	0.2	0.5333333	0	0	0.2666667	0	0.1333333	0.1333333	1.1333333	0	62.6	64.3333333
run4.62	ERS1884213	9/8/11	Oct-20	summer strat.	hypo	hypo	4	2011	15	3	7.98	1.88	27.1	15	2.1	43	10	42	79	668	2464	15.50909091	0	14	1.125	4.618181818	3	23	1	41	NA	NA	0.477272727	3	14	8.9333333	4.1333333	1.1333333	0.4666667	0	0.5333333	0.1333333	1.8666667	0	0.2	0.6666667	0.0666667	0.2	0.0666667	7.2666667	0	0.6	8.9333333
run4.113	ERS1884068	9/8/12	Dec-20	summer strat.	hypo	hypo	4	2012	16	3	7.97	1.889564444	26.7	15	1.22	34.32	43.9	39.54	62.62068966	413.479	1657.2	16.57777778	0	7.296551724	0.6	13.61111111	1.9	17.81	3.645	35.895	NA	NA	1.351111111	6.8666667	55	4.6	1.7333333	0.4	1.5333333	0.3333333	0.0666667	0.1333333	1.3333333	0	0	1.8	5.6666667	0.4666667	0	0.2	0	0.1333333	9.2
run4.34	ERS1884182	9/9/14	14-20	summer strat.	hypo	hypo	4	2014	17	4	7.89	1.849652459	27.5	15	1.54	43.7	38.8053	40.14	29.697	744.39	1488.59	15.3	0	4.777241379	1	8.771428571	2	28.89	NA	NA	0.082	0.042	0.87	1.8666667	38.4666667	4	1.8666667	0.2666667	0.6	0.1333333	0.1333333	0.0666667	0.8	0	0	5.6666667	22.0666667	0.0666667	0.0666667	0.6666667	0	0.8	31
run4.41	ERS1884190	12/8/14	6-Dec	summer strat.	meta	meta	4	2014	9	3	8.32	1.762011429	26.4	20	1.9	20.37	4.5353	17.88	130.3375	703.52	1241	16.91428571	NA	14.62666667	2.4	30	3	0.52	NA	NA	0.077	0.047	2.87	10.1333333	44.2	4.7333333	2.3333333	0.6666667	2	0	0.3333333	0.8	4.9333333	0	0.1333333	4.7333333	0.7333333	0.8	0	2.7333333	0	0.1333333	9.3333333
run4.79	ERS1884231	14/8/12	Aug-14	summer strat.	meta	meta	4	2012	11	2.7	8.03	1.756090272	26.8	15	1.63	30.28	26.3	31.236	77.5177931	690.083	1332.4	18.1	NA	10.49	1.1	43.77142857	2.2	12.62	2.809	NA	NA	NA	4.19	2.5333333	15.5333333	5.7333333	9.6666667	1.5333333	0.6666667	0	0.4666667	0.1333333	4.7333333	0	0.1333333	0.7333333	0.4666667	8.2666667	0.0666667	3	0	0.6666667	13.8
run4.27	ERS1884174	29/7/14	14-20	summer strat.	meta	meta	4	2014	17	3.4	8.18	1.802057143	26.6	20	0.85	17.84	9.7567	17.98	59.85	675.22	1354.91	14.57142857	NA	7.608333333	1.2	18.97142857	1.8	1.98	NA	NA	0.064	0.046	1.942857143	5.2	47.9333333	9.0666667	3.1333333	0.8	0.2	0	0.2666667	0.0666667	3.2666667	0	0	1.1333333	0.4666667	7.8666667	0	0.9333333	0	2.6666667	13.4666667
run4.204	ERS1884165	5/8/13	6-Dec	summer strat.	meta	meta	4	2013	9	3.7	8.01	1.815458268	26.8	25	1.45	27.29	12.328	19.124	65.86206897	637	1155.12	16.67142857	NA	10.21413793	1.3	60.1	2	9.32	NA	NA	0.082	0.064	5.695714286	2.9333333	20.5333333	10.7333333	6.7333333	0.7333333	1.6	0	0.2666667	0.2	6.2	0	0	2.4	0	3.1333333	0	0.4666667	0	3.6666667	10.0666667
run4.7	ERS1884232	5/8/14	4-Dec	summer strat.	meta	meta	4	2014	8	3.7	8.19	1.729022951	26.4	17.5	1.15	18.15	23.6119	19.83	63.942	697.44	1424	18.98888889	NA	13.095	1.3	60.02222222	2	5.7	NA	NA	0.072	0.051	5.511111111	5.3333333	38.4666667	5.8666667	3.3333333	1.0666667	0.4666667	0.0666667	0	0.2666667	7.8666667	0	0.0666667	3.2	0.8	4.3333333	0	2.2666667	0	2.5333333	13.3333333
run4.116	ERS1884071	6/9/11	Oct-14	summer strat.	meta	meta	4	2011	17	2.6	8.02	1.87	28	17.5	1.55	45	62	8.5	16	626	831	17.34	0	6	0.8	43.72	1.8	30	0.6	7.9	NA	NA	4.178	4.4	29.4666667	8.5333333	2.9333333	0.4666667	0.0666667	0.2	0.0666667	0.1333333	2.9333333	0	0	2.6	0.2	0.0666667	0	1	0	1.7333333	6.9333333
S45a	SRA	1/10/08	0-20	circulation	autumn	mix-C	1	2008	10	3.8	7.95	1.73371	27.6	12.5	1.46	45	16	9	47.2414	658	476	11.8	2.15803	5.93103	0.9	84	2.4	26	0.1	8.9	0.058	0.032	NA	3.5333333	36.4666667	8.2666667	2.9333333	0.7333333	0.4	0.4	0.2	0.0666667	2.7333333	0	0.0666667	3.2666667	0.2	3.0666667	0	0.4666667	0	0.8	8
run4.103	ERS1884058	10/4/12	0-20	circulation	spring	mix-C	4	2012	10	2	8.09	1.834919084	27.3	15	1.93	46.8	8.4	64.9	77.10344828	721	1693.156	1.79	19.152114	19.48137931	2.3	77.97	4.8	16.6	0.8	64.1	NA	NA	11.07	12.6666667	33.8666667	5.2	2.8	0.2	0.7333333	0.2666667	0.2666667	0.6	5.6	0	0.0666667	3.7333333	1.1333333	0	0	4.0666667	0	0.2	11.4666667
S25a	SRA	10/9/08	0-20	circulation	autumn	mix-C	1	2008	10	2.6	8.07	1.71307	27.5	12.5	2.3	41	8	2	62.5517	627	188	14.6	9.11577	11.4483	1.7	88	4.4	10	0.1	1.9	0.067	0.03	NA	5	23.5333333	5.4666667	5.6666667	1.4	0.6	0.0666667	0.4	0.0666667	5.8	0	0.2	5.8666667	0.7333333	8.4	0	1.2	0	4.9333333	21.6666667
run4.67	ERS1884218	11/9/12	0-20	circulation	autumn	mix-C	4	2012	10	3	8.13	1.68401194	27	20	2.1	68.27	16.6	22.06	86.93793103	661.142	272.024	3.9	12.9422165	9.465517241	1.9	29.4	4.4	46.22	5.74	16.32	NA	NA	3.715	2.9333333	30.4666667	6.1333333	2.9333333	0.6666667	1.4666667	0.3333333	0.2666667	0.3333333	5.0666667	0	0.0666667	3.6666667	0.3333333	18.4666667	0.0666667	4.5333333	0	1.0666667	28.6666667
run4.80	ERS1884233	12/6/12	0-20	circulation	spring	mix-C	4	2012	10	5	7.74	1.780410811	27	17.5	0.9	15.86	6.371	1.584	45.34413793	548.047	410.944	1.785	1.421541	5.826689655	0.5	76.51	1.3	8.37	0.067	1.517	NA	NA	10.7815	2.9333333	36.5333333	2.9333333	2.3333333	0.1333333	0.4	0.1333333	0.0666667	0.0666667	2.3333333	0	0.0666667	8.2	7.1333333	0.6	0	2.2	0	1.2	20.0666667
S20a	SRA	12/8/08	0-20	circulation	autumn	mix-C	1	2008	10	3.5	7.91	1.7407	27.3	7.5	2.3	34	41	20	108.345	924	1408	18.3	9.09533	13.931	1.8	89	3.4	10	4	16	0.061	0.035	NA	5.4	44.8	8.4666667	3	0.4666667	3.3333333	0	0.3333333	0.8	2.2666667	0	0	3.9333333	0.3333333	0	0.0666667	6.5333333	0	0.2666667	11.3333333
run4.60	ERS1884211	12/10/11	0-20	circulation	autumn	mix-C	4	2011	10	3.5	8.04	1.91	27.3	12.5	1.03	64	4	83	25	700	1208	2.46	3.1	6	0.6	87.735	1.8	50	0.5	82.5	NA	NA	12.155	4.4	20.7333333	7	4.4666667	1.2666667	0.8	0.0666667	0.4666667	0.3333333	5.5333333	0	0	6.7333333	1.4666667	8.8	0	1.8666667	0	9	28.2666667
run4.3	ERS1884188	12/11/14	0-20	circulation	autumn	mix-C	4	2014	10	4.5	7.92	1.806325581	27.4	20	1.2	48.95	9.9383	140.62	21.43448276	852.42	2139.52	3.025	1.12941	4.089655172	0.7	82.09444444	2.9	32.46	NA	NA	0.051	0.038	11.09611111	0.4666667	30.8	4.2	18.8666667	2.1333333	19.6	0.8666667	0.3333333	0.5333333	5.2666667	0	0	0.2666667	0	0	0	1.6666667	0	3.2666667	5.2666667
run4.107	ERS1884062	13/11/12	0-20	circulation	autumn	mix-C	4	2012	10	4	7.81	1.710381609	27.3	17.5	1.87	47.55	7.408	95.34	75.212	649.833	1163.952	2.26	2.128257	2.291034483	0.6	75.53	1.5	37.12	NA	NA	NA	NA	10.455	2.5333333	12.9333333	9.8	6.3333333	1.8	0.5333333	0	0.6666667	0.9333333	3	0	0.2	0.1333333	0.0666667	2.4666667	0	2.2	0.0666667	0.6666667	5.8666667
run4.93	ERS1884247	13/12/11	0-20	circulation	autumn	mix-C	4	2011	10	5.9	7.9	1.78	27.1	12.5	0.83	54	3	145	11	661	2112	2.01	0.77	2	0.4	86.31	0.7	45	0.4	144.6	NA	NA	12.1215	2.4666667	31.3333333	5.6666667	2.3333333	0.3333333	0.6666667	0.2666667	0.1333333	0.1333333	2.5333333	0	0	5.2	3.8666667	0.3333333	0	1.7333333	0	1.3333333	13.3333333
S7a	SRA	14/4/08	0-20	circulation	spring	mix-C	1	2008	10	3.83	8.01	1.67974	28.2	15	1.39	19	5	0.2	54.4138	590	32	3.8	5.64929	8.13793	1	87	1.4	3	0.1	0.1	0.053	0.05	NA	5	47.2666667	4.6	2.4666667	0.6	3.3333333	0	0.1333333	0.4	3.8	0	0	3.1333333	0.6	0.6	0	2.9333333	0	0.6666667	8.0666667
run4.44	ERS1884193	14/4/15	0-20	circulation	spring	mix-C	4	2015	10	3.5	8.28	1.767604858	26.2	22.5	1.28	15.28	-0.0097	-0.59	45.799	625.54	1063.87	NA	3.4956	7.922068966	0.8	NA	1.9	0.9	NA	NA	0.062	0.048	NA	1.6666667	20.9333333	4.8	14.9333333	1.0666667	3.6666667	0.0666667	0.4	0.3333333	13.2	0	0	1.1333333	0.2	0.3333333	0.0666667	2.2666667	0	4.2	8.6
S47a	SRA	14/10/08	0-20	circulation	autumn	mix-C	1	2008	10	4.8	7.96	1.77683	26.8	12.5	1.12	40	39	30	40.8966	667	812	8.6	1.63236	4.75862	0.7	89	1.7	24	2	28	0.051	0.035	NA	9.7333333	31.3333333	7.4	3.7333333	0.4	0.8666667	0.0666667	0.1333333	0.2	7.7333333	0	0	3.0666667	2.5333333	0.6	0.1333333	2.2	0	0.6666667	9.4666667
run4.33	ERS1884181	14/10/14	0-20	circulation	autumn	mix-C	4	2014	10	4	7.73	1.889862295	26.8	15	1.15	45.43	7.0186	100.96	36.796	767.38	1590.94	3.105	1.84752	4.070344828	0.6	73.26111111	1.9	36.11	NA	NA	0.056	0.042	9.921111111	0.3333333	7.8666667	3.0666667	9.4	1.2	25.8666667	0.0666667	0.2	0.2	1.6666667	0	0	0.3333333	0.0666667	0	0.0666667	1.7333333	0	37	39.2666667
run4.90	ERS1884244	15/5/12	0-20	circulation	spring	mix-C	4	2012	10	3.5	7.92	1.76295	27.2	20	1.62	16.1	7	-0.03	48.75862069	590	148.012	1.755	3.53675	6.696551724	1	77.785	2.8	2.2	0.2	-0.23	NA	NA	11.016	6.0666667	49.0666667	4.8	1.5333333	0.2	0.9333333	0	0.0666667	0.2	2.4666667	0	0	0.6	0.9333333	3.7333333	0	0.2666667	0	14.8	20.4666667
run4.88	ERS1884241	15/11/11	0-20	circulation	autumn	mix-C	4	2011	10	5	7.91	1.78	27.3	17.5	0.88	60	15	122	23	661	1864	2.225	1.19	3	0.8	87.22	1.8	49	0.8	121.2	NA	NA	12.173	7.1333333	30.9333333	13.0666667	3.2666667	1	0.3333333	0	0.7333333	0.8666667	3.7333333	0	0.2666667	0.0666667	0	0.1333333	0	1.8666667	0	0.6	3.2666667
S26a	SRA	16/9/08	0-20	circulation	autumn	mix-C	1	2008	10	3.9	8	1.77311	27.6	12.5	1.53	40	10	3	45.0345	689	176	13.6	4.35432	7.51724	1.1	80	2.6	18	2	1	0.062	0.03	NA	2.8666667	32.5333333	5	3.8	0.7333333	0.6666667	0	0	0	4.6666667	0	0.1333333	1.4666667	0.6666667	1.3333333	0.0666667	4.2666667	0	11.3333333	19.6666667
run4.24	ERS1884171	17/3/15	0-20	circulation	spring	mix-C	4	2015	10	3.2	7.84	1.769863529	27.2	20	1.09	37.83	2.9003	162.17	68.868	784.85	2562.94	NA	11.82951	16.92758621	1.2	NA	2	14	NA	NA	0.071	0.051	NA	4.1333333	48.1333333	4.6	2.7333333	0.5333333	1.0666667	0.2	0	0	1.3333333	0	0.1333333	1.1333333	0.4666667	2.1333333	0	1	0	13.4666667	18.8
run4.68	ERS1884219	17/4/12	0-18	circulation	spring	mix-C	4	2012	9	2	7.98	1.924504615	26.9	20	2.2	39	4.4	-0.3	103.9310345	704	954.7	1.78	17.04515175	23.17241379	2.6	77.97	5.7	7.6	0.1	-0.4	NA	NA	11.0635	3.1333333	55.8	5.0666667	3.6	0.3333333	0.5333333	0.0666667	0.1333333	0	2.8666667	0	0.0666667	2.2	0.4666667	1	0	2.9333333	0	3.6666667	10.3333333
run4.64	ERS1884215	17/10/12	0-20	circulation	autumn	mix-C	4	2012	10	3.1	7.98	1.766016	27	17.5	1.45	49.7	16.963	39.296	45.68758621	662.805	790.556	2.255	2.851932	5.587793103	0.7	71.91	2.2	37.38	6.689	32.607	NA	NA	9.9465	1.8	29.5333333	4.8	2.2666667	0.4666667	0.6	0	0.4	0.0666667	0.6	0	0.0666667	0.1333333	0.4666667	14.2666667	0	0.7333333	0	29.5333333	45.6
S23a	SRA	19/8/08	0-20	circulation	autumn	mix-C	1	2008	10	3.25	8.04	1.60339	27.2	10	2.3	37	8	3	90.6207	751	876	17.9	10.8164	12.6897	2.2	94	4.1	15	1	2	0.079	0.031	NA	4.8	39.7333333	8.3333333	6.0666667	1.4	0.1333333	0	0.2666667	0.1333333	3.0666667	0	0.1333333	6.0666667	0.8666667	1.6666667	0	2.0666667	0	2	12.8666667
run4.55	ERS1884205	19/9/12	0-20	circulation	autumn	mix-C	4	2012	10	2.5	8.14	1.734679848	26.9	17.5	2.3	56.32	20.83	5.501	82.26896552	644.7	196.6	2.265	11.127644	13.68275862	1.9	66.705	4.5	36.87	1.992	3.509	NA	NA	9.161	7.6666667	28	13.2666667	3.9333333	0.9333333	1	0	0.1333333	0.0666667	5.2	0	0.1333333	1.2	0.0666667	2.2	0.2666667	7.3333333	0	0.6	11.8666667
run4.89	ERS1884242	2/5/12	0-20	circulation	spring	mix-C	4	2012	10	3	8.38	1.96224	26.7	17.5	1.29	19.09	4.3	1.7	55.03448276	635	547.84	NA	6.343939	9.57862069	1.5	NA	3.4	2.6	0.5	1.2	NA	NA	NA	2.5333333	49.4	9.2666667	2.4666667	0.4	1.4	0.0666667	0.0666667	0	1.4	0	0	1.4	1.1333333	10.2	0	1.8666667	0	1.9333333	17.4
run4.138	ERS1884094	2/5/13	2.2	circulation	spring	mix-C	4	2013	2.2	2.2	8	NA	NA	NA	NA	36.39	NA	8.608	NA	891.96	NA	4.7	26.1816575	NA	NA	103.2	NA	3.86	NA	NA	NA	NA	13.37	7.3333333	21.1333333	12.6	3.3333333	0.8666667	0.2666667	0	1.4	1.2	2.6	0	0.3333333	0	0.0666667	0.1333333	0.0666667	1.6666667	0	0.6	2.8
run4.139	ERS1884095	2/5/13	4.4	circulation	spring	mix-C	4	2013	4.4	2.2	8	NA	NA	NA	NA	36.39	NA	8.608	NA	891.96	NA	4.7	26.1816575	NA	NA	103	NA	3.86	NA	NA	NA	NA	13.37	2.3333333	5.7333333	6.9333333	6.0666667	1.3333333	1.2666667	0.0666667	0.6666667	0.5333333	1.9333333	0	0.2	0.9333333	0	0.6666667	0.1333333	5.6666667	0.0666667	2.2	10
run4.143	ERS1884100	2/5/13	0-20	circulation	spring	mix-C	4	2013	10	2.2	8	NA	NA	NA	NA	36.39	NA	8.608	NA	891.96	NA	2.295	26.1816575	NA	NA	85.2	NA	3.86	NA	NA	NA	NA	11.944	5.2666667	23.2666667	13.0666667	3.7333333	1.4	1.2666667	0	0.3333333	0.1333333	5.5333333	0	0.0666667	0.9333333	0	7.3333333	0.1333333	7.3333333	0	0.8666667	16.8666667
S24a	SRA	2/9/08	0-20	circulation	autumn	mix-C	1	2008	10	3	7.96	1.80128	26.8	12.5	2	31	8	2	80.8276	698	114.4	16	8.39546	10.6897	1.7	95	4	17	0.1	1.9	0.072	0.038	NA	5.3333333	31.9333333	4.2	4.0666667	1.4666667	1.2	0.2	0.0666667	0.1333333	3.4666667	0	0	9.2	1.2	1.4	0.0666667	0.5333333	0	5.5333333	19.6666667
S49a	SRA	2/12/08	0-20	circulation	autumn	mix-C	1	2008	10	5.5	7.84	1.6808	26.4	15	0.78	27	19	110	20.3448	753	1332	2.3	0.784204	3.86207	0.5	88	1	26	1	109	0.048	0.041	NA	4.2666667	45.2	3.0666667	2.2	0.2666667	0.4666667	0	0	0	2.4	0	0	1.2666667	0.5333333	0.6666667	0	0.6666667	0	19	22.8666667
run4.6	ERS1884221	2/12/14	0-20	circulation	autumn	mix-C	4	2014	10	4.5	7.85	1.74252973	26.9	15	0.74	43.72	1.6207	160.19	10.72	734.71	2290.28	3.19	0.91683	1.693103448	0.3	82.09444444	1	35.24	NA	NA	0.047	0.045	11.05111111	2.8	26.6666667	7.8666667	4.3333333	1	0.1333333	0	0.2666667	0.3333333	2.4666667	0	0.0666667	0.4	0	13.1333333	0.2	6.9333333	0	2.6666667	24.2666667
run4.95	ERS1884249	20/9/11	0-18	circulation	autumn	mix-C	4	2011	9	3	8	1.85	28.2	17.5	1.73	67	79	19	33	713	1172	15.47894737	2.91	7	0.9	83.32105263	2.2	48	3.9	15.1	NA	NA	8.291052632	5	39.2666667	11.6666667	3.0666667	0.6666667	0.6	0	0.1333333	0.0666667	3.6666667	0	0.0666667	2.2666667	0.2	5.0666667	0.2	1.6666667	0	2.6	12.2666667
run4.48	ERS1884197	21/4/15	0-20	circulation	spring	mix-C	4	2015	10	4.5	8.53	1.834614634	26.6	17.5	0.9	14.76	4.2709	0.13	34.58	602.9	1083.75	NA	2.68614	5.523448276	0.9	NA	1.7	0.6	NA	NA	0.059	0.05	NA	6.2666667	26.5333333	29.1333333	2.7333333	0.9333333	0.1333333	0.0666667	1.5333333	0.4	1.6	0	0.1333333	0.0666667	0.0666667	0	0	0.7333333	0	0.6	1.5333333
run4.21	ERS1884168	21/10/14	0-20	circulation	autumn	mix-C	4	2014	10	3.6	7.91	1.769863529	26.7	17.5	0.98	47.59	1.6271	56.15	28.1062069	669.39	1738.46	3.07	1.595475	4.144827586	0.5	77.53888889	1.7	32.52	NA	NA	0.055	0.042	10.49388889	2.1333333	31.7333333	2.7333333	1.4	0.0666667	0.2	0	0.0666667	0.0666667	1.6	0	0	0.2666667	0.4666667	12.4	0	1.2	0	22.7333333	37.2666667
S8a	SRA	22/4/08	0-20	circulation	spring	mix-C	1	2008	10	4.12	NA	NA	NA	NA	1.13	40	NA	NA	NA	578	NA	5	3.88337	NA	0.8	91	0.2	1	NA	NA	NA	NA	NA	1.7333333	26	6.2	3.6666667	0.4666667	1.1333333	0.0666667	0.4666667	0.4666667	2.0666667	0	0	0.2	0.1333333	0.2	0.1333333	3.4666667	0	40.8	45
run4.70	ERS1884222	22/5/12	0-20	circulation	spring	mix-C	4	2012	10	3	8.13	1.939857034	27.6	20	0.89	16.6	5.334	1.089	39.37241379	612.02	142.976	1.76	2.0601	6.220689655	0.5	77.585	1.7	2.27	0.056	1.033	NA	NA	10.979	3.2	27.3333333	4.2666667	2.2666667	0.4666667	1.4	2.3333333	0	0.1333333	2.7333333	0	0.0666667	0.5333333	34.6	0.9333333	0	0.9333333	0	1	39.4
run4.20	ERS1884167	23/3/15	0-20	circulation	spring	mix-C	4	2015	10	2.15	7.89	1.8248832	27	20	2.1	34.59	1.8088	105.73	110.908	737.57	2522.42	NA	21.21534	27.266	1.7	NA	3.1	3.47	NA	NA	0.085	0.065	NA	2.3333333	25.5333333	3.9333333	2.9333333	0.4	0.2666667	0.5333333	0.2	0	3.6	0	0	6.6666667	1	1	0.0666667	1.7333333	0	1.1333333	13.6666667
run4.85	ERS1884238	24/4/12	0-20	circulation	spring	mix-C	4	2012	10	3.1	8.15	1.858181818	26.6	15	1.32	26.95	6.7	2.13	70.27586207	660.7	919.376	1.76	8.443824	13.04275862	1.5	78.095	3.4	2.91	0.699	1.431	NA	NA	11.069	5.1333333	35.4	12.8666667	5.8666667	0.8	8.2	0	0.2666667	1	6.3333333	0	0.0666667	0.9333333	0.0666667	0	0.2	0.3333333	0	4.4666667	6.0666667
S27a	SRA	24/9/08	0-20	circulation	autumn	mix-C	1	2008	10	3.6	7.98	1.70114	27.7	12.5	1.44	42	0.1	2	48.6897	614	377.6	12.8	2.23898	6.75862	0.9	92	2.4	14	0.1	1.9	0.055	0.032	NA	7.1333333	29.4666667	10.4666667	3.2	0.9333333	0.2	0	0.7333333	0.3333333	2.7333333	0	0.1333333	0.1333333	0	4.7333333	0.0666667	7.2666667	0	1.5333333	13.9333333
run4.111	ERS1884066	25/9/12	0-20	circulation	autumn	mix-C	4	2012	10	2.9	7.8	1.844353488	26.9	15	1.9	52.71	12.503	7.007	70.64827586	640	274.292	2.255	6.186238	10.28275862	1	68.35	2.6	36.46	1.325	NA	NA	NA	9.4225	5.2666667	35.4666667	15.1333333	5.1333333	1	1.8666667	0	0.2666667	0.8	5.5333333	0	0.2666667	1.4	0.2	0	0.0666667	6.8	0.0666667	0.3333333	8.9333333
run4.87	ERS1884240	25/10/11	0-20	circulation	autumn	mix-C	4	2011	10	5	7.84	1.91	27.6	15	0.83	60	9	98	24	719	1533.2	2.335	1.88	5	0.3	87.495	0.9	49	1.2	96.8	NA	NA	12.168	2.4666667	34.8666667	4.6	2.2666667	0.2666667	0.0666667	0.0666667	0.1333333	0.1333333	1.5333333	0	0	0.3333333	0.3333333	13.3333333	0	0.9333333	0.0666667	24.9333333	40.2
S22a	SRA	26/8/08	0-20	circulation	autumn	mix-C	1	2008	10	3.1	8.18	1.71307	27.2	10	2.5	35	5	0.2	73.3793	667	185.6	17	11.6007	20.6207	2.36364	96	5.45455	9	0.1	0.1	0.073	0.034	NA	3.8666667	22.9333333	7	3.5333333	0.7333333	0.4666667	0.5333333	0.0666667	0.0666667	4.8	0	0	1.4666667	1.8	8.4	0	3.2	0	4.8	20.5333333
run4.77	ERS1884229	27/3/12	0-20	circulation	spring	mix-C	4	2012	10	4.5	7.86	1.804358621	27.7	20	0.6	49.68	9.3	187.4	36.48275862	768	2287.076	1.695	3.892644	7.266551724	0.4	82.135	1	37	0.2	187.2	NA	NA	11.6665	12.6	22.8	14.0666667	3.5333333	1.2666667	0.7333333	0.1333333	0.3333333	0.5333333	8.2	0	0.0666667	4.3333333	0.8666667	0.8666667	0.0666667	2.1333333	0	0.3333333	9.4
run4.83	ERS1884236	27/11/12	0-20	circulation	autumn	mix-C	4	2012	10	3.9	7.97	1.787465587	27.2	20	0.75	44.63	8.291	110.829	19.76365517	708.725	1277.368	2.3	1.826992	3.268965517	0.3	77.47368421	1.4	38.63	NA	NA	NA	NA	10.72263158	3.4	46.4	2.2	1.4	0.4666667	1	0	0	0	1.9333333	0	0	1.6666667	0.4	2.1333333	0	0.8666667	0	23.2	29.2
S9a	SRA	28/5/08	0-20	circulation	spring	mix-C	1	2008	10	5.1	8.12	1.78731	27.7	15	0.8	19	10	9	32.9655	606	260	11.2	1.3817	4.27586	0.4	83	1.2	0.1	0.1	8.9	0.048	0.039	NA	4.9333333	6.0666667	4.9333333	7.1333333	0.8	6.6666667	0.0666667	0.3333333	0.4	3.2	0	0	0.5333333	0.0666667	0	0.6	13.6666667	0	20.3333333	36.7333333
run4.133	ERS1884090	29/4/13	0-20	circulation	spring	mix-C	4	2013	10	3.1	8.03	1.740696774	26.7	30	1.35	59.6	5.143	40.02	114.4771724	736.37	1024.448	2.295	23.15587	25	2.2	84.93	4.4	2.64	NA	NA	0.087	0.063	11.9005	2.7333333	27.5333333	13.2666667	6.4666667	1.3333333	3.8	0.3333333	0.4	0.4	6.7333333	0	0	0.3333333	0	0	0.0666667	0.1333333	0.2666667	15.2666667	16.0666667
run4.134	ERS1884091	29/4/13	0	circulation	spring	mix-C	4	2013	0	3.1	8.03	1.740696774	26.7	30	1.35	59.6	5.143	40.02	114.4771724	736.37	1024.448	4.2	23.15587	25	2.2	100.8	4.4	2.64	NA	NA	0.087	0.063	13.15	6.4	30.2	2.4	2.6666667	0.5333333	0.7333333	0	0	0.1333333	3.9333333	0	0	1.2	0.9333333	8.8666667	0	2.1333333	0	19.8	34.0666667
run4.135	ERS1884092	29/4/13	3.1	circulation	spring	mix-C	4	2013	3.1	3.1	8.03	1.740696774	26.7	30	1.35	59.6	5.143	40.02	114.4771724	736.37	1024.448	3.9	23.15587	25	2.2	101.1	4.4	2.64	NA	NA	0.087	0.063	13.29	7.1333333	25.6	5.9333333	2.2666667	0.4666667	1.5333333	0.6	0.3333333	0.3333333	5.2	0	0.0666667	5.8666667	1.2666667	0.2	0	7.8666667	0	1.0666667	19.6666667
run4.136	ERS1884093	29/4/13	7.75	circulation	spring	mix-C	4	2013	7.75	3.1	8.03	1.740696774	26.7	30	1.35	59.6	5.143	40.02	114.4771724	736.37	1024.448	3.8	23.15587	25	2.2	99.8	4.4	2.64	NA	NA	0.087	0.063	13.15	7.5333333	32.7333333	12	4	0.7333333	0.9333333	0	0.3333333	0.8	3.3333333	0	0	5.0666667	0.6	0	0.0666667	2.8666667	0	0.8666667	9.7333333
S48a	SRA	29/10/08	0-20	circulation	autumn	mix-C	1	2008	10	5.5	7.86	1.5761	26.7	10	2.3	36	30	86	34.8276	991	1120	2.8	0.995749	4.2069	1.5	85	2.9	27	0.1	85.9	0.056	0.036	NA	4.7333333	43.8666667	2.6666667	1.4666667	0.4666667	0.8	0	0.0666667	0.0666667	1.6	0	0	1.5333333	0.2666667	7.3333333	0	1.4	0	21.8666667	33.2
run4.105	ERS1884060	29/11/11	0-20	circulation	autumn	mix-C	4	2011	10	4.5	7.92	1.93	27.3	12.5	1.07	60	35	138	24	707	1960	2.115	1.43	4	0.8	86.765	1.8	47	0.7	137.3	NA	NA	12.15	1.9333333	7.9333333	10.9333333	6.3333333	1.2666667	1	0	0.9333333	0.6666667	1.6666667	0	0.6	1.1333333	0.1333333	0	0.0666667	13.2666667	0.0666667	2	17.6
run4.99	ERS1884253	3/4/12	0-20	circulation	spring	mix-C	4	2012	10	3.5	7.64	1.770442105	27.7	12.5	1.15	48	10.8	146.4	21.93103448	737	2114.544	1.64	6.4728125	11.06206897	0.9	80.055	2	29.8	0.4	146	NA	NA	11.405	5.2	15.7333333	10.7333333	4.2	1.7333333	0.2666667	0	0.6	0.2666667	2	0	0.4	0.2666667	0	0.4666667	0	4.8	0	9.8	15.9333333
run4.112	ERS1884067	3/10/12	0-20	circulation	autumn	mix-C	4	2012	10	3.5	8.21	1.718891339	27	17.5	1.42	50.26	26.078	16.739	44.78696552	749.9405	509.816	2.255	3.238224	5.447448276	1.1	70.275	2.2	36.41	2.554	14.185	NA	NA	9.682	5.2	17.4666667	4.0666667	3.5333333	0.5333333	1.3333333	0.0666667	0.2	0.1333333	9.4666667	0	0	2.9333333	12.5333333	0.5333333	0.1333333	5.6666667	0	0.2666667	23.1333333
run4.10	ERS1884054	30/9/14	0-20	circulation	autumn	mix-C	4	2014	10	3.5	7.88	1.749127869	27.3	15	1.3	48.13	29.4302	44	49.41931035	797.7	1512.48	3.115	2.88486	5.668965517	0.9	70.12777778	2.2	33.62	NA	NA	0.065	0.047	9.498888889	0.6666667	57.1333333	7.0666667	4	0.4	1.7333333	0.4	0.2666667	0.4666667	1.8	0	0	0.0666667	0	0	0	1.9333333	0	15.4666667	17.5333333
run4.71	ERS1884223	30/10/12	0-20	circulation	autumn	mix-C	4	2012	10	3.5	7.81	1.750625882	27.3	15	1.28	49.74	5.812	79.7	36.48462069	651.586	1112	2.255	2.1397215	4.544827586	1.1	73.65	2.4	37.74	NA	NA	NA	NA	10.201	11.8666667	33.5333333	8.6666667	4.2	1	0.4666667	0	0.2	0.9333333	5	0	0	3.4	0.6	0	0	2.6666667	0	0.2666667	7.4
run4.29	ERS1884176	31/3/15	0-20	circulation	spring	mix-C	4	2015	10	1.75	8.33	1.7463936	27	22.5	3.1	36.92	8.1829	8.74	180.367	785.49	1951.36	NA	29.01456	27.10482759	3.4	NA	7	0.83	NA	NA	0.124	0.049	NA	9.0666667	38.4666667	11.6666667	2.9333333	0.4	1.1333333	0	0.6	0.2	3.0666667	0	0	0.6666667	0	1.9333333	0.2666667	3.4	0	0.2	6.6666667
run4.72	ERS1884224	4/6/12	0-20	circulation	spring	mix-C	4	2012	10	3.8	7.97	1.821018182	27.1	15	1.16	15.2	6.2	4.2	41.37931034	607	344.812	12.3047619	1.917585	5.310344828	0.8	91.98571429	1.8	3.78	0.449	3.751	NA	NA	9.753333333	3.6666667	20.6	10.6	3.8666667	0.5333333	0.7333333	0	0.7333333	0.2	2.2666667	0	0.4666667	1.5333333	0	1.8	0.0666667	3.2	0	1.4	8.2
run4.57	ERS1884207	4/10/11	0-20	circulation	autumn	mix-C	4	2011	10	3.3	7.7	1.85	27.3	15	1.34	65	35	58	40	710	1264	2.595	3.15	1	0.8	87.885	1.8	51	20	38	NA	NA	12.1215	2.2	39.5333333	7.8	6.1333333	1.6	3.8666667	1.1333333	0.2666667	0.7333333	6.6	0	0	0.2	0	0	0.1333333	0.9333333	0	13.1333333	14.4666667
run4.73	ERS1884225	5/9/12	0-20	circulation	autumn	mix-C	4	2012	10	2.5	7.91	2.029903448	26.8	15	2.4	56.13	43.088	25.933	81.72413793	716	776.2	3.725	7.041345	12.56710345	1.5	33.45	4.4	35.69	4.293	21.64	NA	NA	4.3	7.1333333	20.2666667	3.4666667	2.8666667	0.3333333	8.4	0	0.2	0.8	3.2666667	0	0.0666667	11.7333333	0.5333333	0.2666667	0.1333333	13.1333333	0.1333333	0.2666667	26.7333333
run4.140	ERS1884097	6/5/13	0	circulation	spring	mix-C	4	2013	0	2.1	8.29	1.780258065	25.9	35	3.6	41.8	4.902	-0.407	163.2413793	730.939	318.52	6.8	30.620386	25.32517241	4.1	115	8.6	4.68	NA	NA	0.132	0.082	14.18	2.0666667	23.9333333	12.8666667	7.4	0.8666667	17.2	0	0.1333333	1.1333333	7.1333333	0	0.0666667	0.7333333	0	0	0	0.2	0	3.3333333	4.4
run4.141	ERS1884098	6/5/13	2.1	circulation	spring	mix-C	4	2013	2.1	2.1	8.29	1.780258065	25.9	35	3.6	41.8	4.902	-0.407	163.2413793	730.939	318.52	6.4	30.620386	25.32517241	4.1	115.9	8.6	4.68	NA	NA	0.132	0.082	14.46	15.2666667	22.2	4.8	2.7333333	0.4666667	0.7333333	0	0.0666667	0.4	11.5333333	0	0.0666667	3.7333333	2.6	0.4666667	0.1333333	3.2666667	0	0.2	11.3333333
run4.142	ERS1884099	6/5/13	5.25	circulation	spring	mix-C	4	2013	5.25	2.1	8.29	1.780258065	25.9	35	3.6	41.8	4.902	-0.407	163.2413793	730.939	318.52	6.2	30.620386	25.32517241	4.1	114.7	8.6	4.68	NA	NA	0.132	0.082	14.35	3.7333333	12.6	1.6666667	1.4666667	0.2	1.2	2.0666667	0	0.2	2	0	0	0.6	32.9333333	1.2666667	0	1.0666667	0	1.9333333	38.3333333
run4.146	ERS1884103	6/5/13	0-20	circulation	spring	mix-C	4	2013	10	2.1	8.29	1.780258065	25.9	35	3.6	41.8	4.902	-0.407	163.2413793	730.939	318.52	2.305	30.620386	25.32517241	4.1	85.33	8.6	4.68	NA	NA	0.132	0.082	11.9505	6	18.3333333	8.1333333	5.5333333	1.2	0.6	0	0.4666667	0.3333333	2.8	0	0.2666667	0.7333333	0.2666667	1	0	3.8666667	0	6.1333333	12.4
S21a	SRA	6/8/08	0-14	circulation	autumn	mix-C	1	2008	7	4	8.01	1.77311	27.5	7.5	2.1	30	24	31	77.3103	717	1432	18.8	7.7283	13.5172	1.4	89.8	2.7	10	4	27	0.073	0.032	NA	4.8	40.3333333	9.3333333	5.0666667	0.8666667	2	0.0666667	0.1333333	1.8666667	3.8666667	0	0.0666667	6.8	0.1333333	0.0666667	0	2.4666667	0	0.3333333	9.8
run4.5	ERS1884210	7/4/15	0-20	circulation	spring	mix-C	4	2015	10	1.8	8.53	1.812510843	27	22.5	3.5	35.1	9.501	2.96	180.0525	927.3	1129.14	NA	30.18771	21.88896552	4.8	NA	9.2	5.53	NA	NA	0.132	0.055	NA	7.3333333	27.9333333	14.3333333	3.5333333	0.8	0.2	0	0.1333333	0.3333333	6.5333333	0	0.2	1.1333333	0.0666667	3.2	0	3.6	0	1.6666667	9.9333333
run4.18	ERS1884151	7/7/14	0-20	circulation	spring	mix-C	4	2014	10	4.16	8.06	1.667904	26.2	20	0.85	17.72	12.4436	10.51	38.62413793	643.02	1160.48	3.04	2.24568	4.724137931	0.6	58.21	1.2	5.95	NA	NA	0.064	0.049	7.8945	4.8	24.2	7.5333333	8.9333333	0.4666667	4.7333333	0.1333333	0.0666667	0.3333333	1.3333333	0	0.4666667	5	0.2	0	0	0	0	0	5.2666667
S46a	SRA	7/10/08	0-20	circulation	autumn	mix-C	1	2008	10	3.9	7.96	1.78026	27.7	10	1.43	47	33	16	59.4483	778	612	11.1	2.17976	7.93103	0.9	89	2.2	27	14	2	0.061	0.038	NA	1.5333333	5.3333333	4.2666667	5.8	0.6666667	0.2666667	0	0.3333333	0.6	0.6	0	0.2666667	1.2666667	0	0	1.8	21.7333333	0	15.6	44.2666667
S6a	SRA	8/4/08	0-20	circulation	spring	mix-C	1	2008	10	3.5	7.91	1.71497	27.7	15	1.03	19	3	0.2	45.2414	558	28	3.7	3.79859	7.65517	0.6	98	0.4	1	0.1	0.1	0.056	0.036	NA	5.6666667	15.2	2.8666667	12.3333333	1.1333333	8.4666667	0	0.2666667	0.2666667	2.3333333	0	0.2666667	5.5333333	0.0666667	0	0	0	0	0	5.6
run4.78	ERS1884230	9/5/12	0-20	circulation	spring	mix-C	4	2012	10	2.8	8.45	1.924504615	26.8	17.5	1.39	18.27	5.2	0.2	59.37931034	616	344.788	1.755	5.184648	9.350344828	1.5	77.96	3.3	0.73	0.32	-0.12	NA	NA	11.0525	0.6666667	4.9333333	6.8666667	5.3333333	0.8	5.1333333	0.0666667	0.5333333	0.3333333	2.7333333	0	0	0.4	0	0	0.6666667	6.1333333	0	16.2	24.3333333
run4.144	ERS1884101	9/5/13	0	circulation	spring	mix-C	4	2013	0	1.9	8.54	NA	NA	NA	NA	37.21	NA	1.39	NA	736.35	NA	8.1	15.1524855	NA	NA	132.9	NA	5.1	NA	NA	NA	NA	15.69	4.0666667	23.0666667	22.4666667	8.9333333	0	3.1333333	0.0666667	1.4	1.1333333	1.7333333	0	0.0666667	5.3333333	0	0	0.0666667	0.0666667	1.2666667	0.0666667	7.2666667
run4.145	ERS1884102	9/5/13	1.9	circulation	spring	mix-C	4	2013	1.9	1.9	8.54	NA	NA	NA	NA	37.21	NA	1.39	NA	736.35	NA	7.9	15.1524855	NA	NA	131.7	NA	5.1	NA	NA	NA	NA	15.52	6.8	26.3333333	22.3333333	7.8666667	0	2.4666667	0.3333333	0.9333333	0.5333333	2.6	0	0	3.8666667	0	0	0	0.2	0	0	4.3333333
run4.147	ERS1884104	9/5/13	4.75	circulation	spring	mix-C	4	2013	4.75	1.9	8.54	NA	NA	NA	NA	37.21	NA	1.39	NA	736.35	NA	7.5	15.1524855	NA	NA	124.1	NA	5.1	NA	NA	NA	NA	14.86	9.0666667	26.6	22.3333333	6.7333333	0	1.4666667	0.0666667	1.2666667	0.9333333	4.5333333	0	0	1.6666667	0	0.1333333	0	0.2666667	0	0.2	2.4
run4.148	ERS1884105	9/5/13	0-20	circulation	spring	mix-C	4	2013	10	1.9	8.54	NA	NA	NA	NA	37.21	NA	1.39	NA	736.35	NA	2.31	15.1524855	NA	NA	85.615	NA	5.1	NA	NA	NA	NA	12.011	6.5333333	28	16.6666667	2.6	0.0666667	1.2	0.0666667	1	0.1333333	3.4	0	0	1.2666667	10.8666667	3.4666667	0	0	0	0.0666667	16.1333333
run4.45	ERS1884194	9/12/14	0-20	circulation	autumn	mix-C	4	2014	10	4.5	7.96	1.787465587	27	17.5	0.9	43.06	5.5269	190.49	10.855	727.8	2341.72	3.25	0.82404	1.991034483	0.6	81.82777778	0.5	28.98	NA	NA	0.046	0.04	10.99777778	12.8	27	15.4	5.0666667	0	2.4	0	0.9333333	0.6	3.4666667	0	0.3333333	2.5333333	0.0666667	0	0.0666667	0.2	0	0.2	3.2666667
run4.14	ERS1884107	10/2/15	0-20	ice cover	winter	mix-I	4	2015	10	5	7.88	1.780410811	27.3	17.5	0.59	41.58	7.1475	204.36	10.404	762.56	2403	NA	0.7956	1.602758621	0.4	NA	0.7	32.86	NA	NA	0.046	0.041	NA	12	29.9333333	15.0666667	4.0666667	0	1.3333333	0	0.7333333	0.6	3.7333333	0	0	4.6	0.5333333	0.4666667	0	0.2666667	0	0.2666667	6.2
run4.66	ERS1884217	11/3/13	0-20	ice cover	winter	mix-I	4	2013	10	3	7.61	1.8052608	27.6	20	0.58	44.98	6.786	154.035	10.10903448	794.863	1683.144	2.285	0.24363125	1.412413793	-0.1	82.305	0.4	36.8	NA	NA	0.063	0.06	11.4525	9	21.5333333	15.6666667	4.2666667	0	2.8	6.5333333	1.0666667	0.1333333	3.3333333	0	0	1	4.0666667	0	0	0.2666667	0.0666667	1	6.6666667
S4a	SRA	12/3/08	0-20	ice cover	winter	mix-I	1	2008	10	2.9	8.13	1.66095	27	10	1.7	25	8	0.2	79.4483	573	16	1.8	17.0552	12.6897	1.6	105	3.4	0.1	0.1	0.1	0.055	0.036	NA	9.8	21.0666667	19.7333333	3	0	1.7333333	2.3333333	0.5333333	0.0666667	3.8666667	0	0.1333333	2.6666667	1.5333333	1	0	0.1333333	0.1333333	0.2666667	6.8
S50a	SRA	13/1/09	0-20	ice cover	winter	mix-I	1	2009	10	5.3	7.82	1.66752	28.1	22.5	0.65	37	6	194	16.5517	925	1664	0.75	0.552591	2.55172	0.5	80.64	1.3	23	0.1	193.9	0.064	0.058	NA	11.1333333	18.6	19.4666667	5.4	0	0.9333333	0.9333333	0.8	0.0666667	3.6	0	0	1.5333333	0.0666667	2.4	0	0.2666667	0.0666667	0.8666667	6.6
run4.59	ERS1884209	13/2/13	0-20	ice cover	winter	mix-I	4	2013	10	3	7.69	1.885209917	27.7	25	0.63	44.97	8.25	141.128	10.78255172	775.364	1535.6	2.28	0.480998	1.527586207	0.4	80.495	0.8	38.45	NA	NA	0.066	0.062	11.2195	2.1333333	20.1333333	12.1333333	12.0666667	0	5.4	8.6	0.6666667	0.1333333	5.2666667	0	0	0	0	0	0	0.2666667	0	12.3333333	12.9333333
run4.97	ERS1884251	13/3/12	0-20	ice cover	winter	mix-I	4	2012	10	7.1	7.86	1.863367442	28.4	17.5	0.49	53.8	6.6	212.3	24.27586207	925	1567.644	1.76	1.900095	2.994482759	0.7	83.87	1	44.4	0.1	212.2	NA	NA	11.88	6.6	20.2	20.9333333	4.2	0	0.7333333	0.2666667	1.2666667	0.1333333	4.1333333	0	0	0.2	0.0666667	4.4666667	0	0.6	0	3.4666667	9.1333333
run4.101	ERS1884056	14/2/12	0-20	ice cover	winter	mix-I	4	2012	10	3.7	7.82	1.777123019	27.7	15	0.34	53	6	207.3	8.068965517	781	2201.58	1.835	0.533329	1.800689655	0.5	84.955	0.7	46	0.7	206.6	NA	NA	12.007	10.2666667	16.6666667	14.0666667	4.4666667	0	0.5333333	0.2	0.8666667	0	3.8	0	0	1.2	2.4	6.8	0	0.4	0	5.0666667	18
run4.121	ERS1884077	15/4/13	0-20	ice cover	winter	mix-I	4	2013	10	4.35	7.69	1.864128	28.1	30	0.64	42.94	3.256	166.373	24.06786207	702.262	1727.38	2.295	2.77914	6.652413793	0.5	84.405	1.3	31.54	NA	NA	0.075	0.062	11.7615	7.8666667	21.4	14.1333333	5.2	0	1.1333333	0.0666667	0.8	0.2	1.6666667	0	0	0	0.4666667	3.6	0.1333333	0.2	0	11.6	16.5333333
S51a	SRA	15/12/08	0-20	ice cover	winter	mix-I	1	2008	10	NA	NA	NA	NA	NA	NA	NA	NA	NA	NA	NA	NA	NA	NA	NA	NA	NA	NA	NA	NA	NA	NA	NA	NA	6.2666667	21.6666667	18.4	4.6666667	0	1	0	1	0	3.1333333	0	0	0.2	0.0666667	4	0	0.1333333	0.0666667	10.4666667	15.2666667
run4.82	ERS1884235	18/1/12	0-20	ice cover	winter	mix-I	4	2012	10	7.5	7.89	1.837156972	27.6	12.5	0.58	53	13	176.769	19.31034483	745	2278.4	1.915	0.914008	3.034482759	0.7	85.72	1.4	46.6	0.29	175.363	NA	NA	12.0795	6.6666667	24.2666667	17.4666667	6.3333333	0.0666667	0.8666667	0.0666667	0.3333333	0	3.4666667	0	0	0.0666667	0.0666667	3.5333333	0.0666667	0.2666667	0	7.3333333	11.8666667
S5a	SRA	18/3/08	0-20	ice cover	winter	mix-I	1	2008	10	3.2	7.95	1.73139	28.2	10	1.5	24	4	1	77.7241	571	12	1.4	17.5572	13.2414	2.2	102	4.2	2	0.1	0.9	0.054	0.037	NA	4.4	18.4	21.2	6.2	0	0.4666667	0	0.5333333	0.0666667	2.4	0	0	0	0	5.1333333	0	0.2	0	8.8666667	14.4
run4.122	ERS1884078	18/4/13	0	ice cover	winter	mix-I	4	2013	0	5.7	7.57	1.902171429	27.1	27.5	1.09	45.89	14.345	173.705	36.27689655	847.795	1825.032	NA	3.137108	5.503448276	0.6	NA	1.4	31.52	NA	NA	0.078	0.066	NA	5.4	24.4	23.4666667	6.6666667	0	0.7333333	0	0.8666667	0.2	2.8	0	0	0.0666667	0	2.4666667	0	0.2666667	0	3.5333333	6.3333333
run4.123	ERS1884079	18/4/13	5.7	ice cover	winter	mix-I	4	2013	5.7	5.7	7.57	1.902171429	27.1	27.5	1.09	45.89	14.345	173.705	36.27689655	847.795	1825.032	NA	3.137108	5.503448276	0.6	NA	1.4	31.52	NA	NA	0.078	0.066	NA	7.7333333	23.2	25.4	6.9333333	0	2.2666667	0	1	0.1333333	4.3333333	0	0	0	0	1.6	0	0.2	0	0.2666667	2.2
run4.124	ERS1884080	18/4/13	14.25	ice cover	winter	mix-I	4	2013	14.25	5.7	7.57	1.902171429	27.1	27.5	1.09	45.89	14.345	173.705	36.27689655	847.795	1825.032	NA	3.137108	5.503448276	0.6	NA	1.4	31.52	NA	NA	0.078	0.066	NA	0.8	22.6	14.0666667	11.5333333	0	3.1333333	21.8	1.7333333	0.3333333	1.3333333	0	0	0	0	0	0	0.0666667	0	6.8	7.0666667
run4.125	ERS1884081	18/4/13	0-20	ice cover	winter	mix-I	4	2013	10	5.7	7.57	1.902171429	27.1	27.5	1.09	45.89	14.345	173.705	36.27689655	847.795	1825.032	NA	3.137108	5.503448276	0.6	NA	1.4	31.52	NA	NA	0.078	0.066	NA	1.6	21.2666667	13.5333333	12.0666667	0	5.6666667	15.3333333	1.1333333	0.0666667	2.4666667	0	0	0	0	0	0	0	0	9.9333333	10.1333333
S1a	SRA	20/2/08	0-1	ice cover	winter	mix-I	1	2008	0.5	NA	8.07	1.57749	28.9	10	1.09	23	9	1	52.1379	527	112	0.5	14.9657	9.31034	1.4	102	3	7	0.1	0.9	0.05	0.033	NA	11.8	20.1333333	20.1333333	6.6	0	0.5333333	0.3333333	0.4666667	0.2666667	3.4666667	0	0	0.1333333	0	5.4666667	0	0.6666667	0.1333333	0.6	7.0666667
run4.126	ERS1884082	22/4/13	0	ice cover	winter	mix-I	4	2013	0	4.35	7.8	1.75484878	27	30	1.04	44.48	10.915	123.966	68.99117241	757.672	1380.464	1.9	8.151948	15.59172414	1.2	64.3	2	18.77	NA	NA	0.073	0.058	8.99	10.2666667	17.8	20.6666667	8.2	0	1.0666667	0.0666667	0.9333333	0.3333333	3.8666667	0	0.0666667	0.0666667	0	2.4	0	1.0666667	0	0.8666667	4.4
run4.127	ERS1884083	22/4/13	4.35	ice cover	winter	mix-I	4	2013	4.35	4.35	7.8	1.75484878	27	30	1.04	44.48	10.915	123.966	68.99117241	757.672	1380.464	2.6	8.151948	15.59172414	1.2	90.6	2	18.77	NA	NA	0.073	0.058	12.44	11.7333333	20.5333333	19.3333333	6.7333333	0.0666667	0.8	0.2666667	2.0666667	0.5333333	2.1333333	0	0	0.0666667	0	0.0666667	0	0.4666667	0	0.3333333	1
run4.128	ERS1884084	22/4/13	10.875	ice cover	winter	mix-I	4	2013	10.875	4.35	7.8	1.75484878	27	30	1.04	44.48	10.915	123.966	68.99117241	757.672	1380.464	2.8	8.151948	15.59172414	1.2	91	2	18.77	NA	NA	0.073	0.058	12.44	12.5333333	11.4	18.8	4	0	1.0666667	7.8666667	1.4	0.2666667	2	0	0	0.0666667	0	0.8666667	0	1.4	0	1.1333333	3.4666667
run4.129	ERS1884085	22/4/13	0-8	ice cover	winter	mix-I	4	2013	4	4.35	7.8	1.75484878	27	30	1.04	44.48	10.915	123.966	68.99117241	757.672	1380.464	3.9	8.151948	15.59172414	1.2	90.425	2	18.77	NA	NA	0.073	0.058	11.9575	14.8	13.2666667	12.2	7.5333333	0	0.7333333	1.6666667	1.7333333	0.5333333	1.7333333	0	0	0.1333333	0	0.1333333	0	0.4666667	0.1333333	0.2666667	1.1333333
run4.130	ERS1884087	25/4/13	0	ice cover	winter	mix-I	4	2013	0	NA	7.95	NA	NA	NA	NA	51.97	NA	103.285	NA	907.29	NA	4.2	12.223161	NA	NA	92.7	NA	13.65	NA	NA	NA	NA	12.15	1.5333333	13.7333333	7.8	7.6666667	0	4.8666667	31.3333333	0.4666667	0.2666667	1.4	0	0	0.1333333	0	0.0666667	0.1333333	0.9333333	0	11.0666667	12.4666667
run4.131	ERS1884088	25/4/13	3	ice cover	winter	mix-I	4	2013	3	NA	7.95	NA	NA	NA	NA	51.97	NA	103.285	NA	907.29	NA	3.3	12.223161	NA	NA	93.1	NA	13.65	NA	NA	NA	NA	12.53	12.9333333	14	12.2666667	13.1333333	0.2	0.6	0.4666667	2.4666667	1.2	1.6666667	0	0.0666667	0	0	0	0	0.6	0	0.6666667	1.5333333
run4.132	ERS1884089	25/4/13	0-2	ice cover	winter	mix-I	4	2013	14	NA	7.95	NA	NA	NA	NA	51.97	NA	103.285	NA	907.29	NA	3.766666667	12.223161	NA	NA	95.83333333	NA	13.65	NA	NA	NA	NA	12.82	12.8666667	14	13.2666667	6.5333333	0	0.5333333	4.4	1.4666667	0.3333333	2.1333333	0	0.0666667	0	0	0.1333333	0	0.4666667	0.0666667	0.8	1.7333333
run4.22	ERS1884169	4/3/15	0-20	ice cover	winter	mix-I	4	2015	10	6	7.73	1.718891339	27.7	22.5	0.48	38.55	16.561	208.06	15.8825	758.86	2504.37	NA	2.35161	3.05	0.5	NA	1	28.04	NA	NA	0.051	0.04	NA	1.2	15.2	12.9333333	7.2666667	0	3.4	31.6	0.6666667	0.3333333	0.8666667	0	0	0	0	0.1333333	0	0.0666667	0	14.6666667	15
S3a	SRA	5/3/08	0-20	ice cover	winter	mix-I	1	2008	10	2.7	7.98	1.82263	27	10	1.5	25	10	11	86.4828	543	28	1.5	20.2817	13.5172	2.2	104	4.6	0.1	0.1	10.9	0.056	0.035	NA	0.9333333	22.2	18.9333333	13.4	0	6	17	1.3333333	0.1333333	1.0666667	0	0	0.0666667	0	0	0	0.1333333	0	3.0666667	3.7333333
S2a	SRA	7/3/08	0-1	ice cover	winter	mix-I	1	2008	0.5	NA	NA	NA	NA	NA	NA	NA	NA	NA	NA	NA	NA	1.5	20.8884	NA	NA	NA	NA	NA	NA	NA	NA	NA	NA	1.6666667	24.1333333	11.9333333	13	0.0666667	4.2666667	10.8	1.2	0.6	0.9333333	0	0	0	0	0	0.2	0.0666667	0	8.2666667	9.3333333
run4.51	ERS1884201	8/1/13	0-20	ice cover	winter	mix-I	4	2013	10	5.5	7.78	1.747972414	27.5	25	0.41	44.26	7.786	146.276	14.92103448	733.238	1523.14	2.27	0.40721	2.568275862	0.3	78.945	0.7	36.51	NA	NA	0.064	0.059	10.9755	0.8	33.4	22.4666667	8.2	0	1.7333333	4	1.5333333	0.3333333	0.6	0	0	0.8	0	0.0666667	0.0666667	0.0666667	0	3.5333333	5.9333333
run4.120	ERS1884076	9/4/13	0-20	ice cover	winter	mix-I	4	2013	10	4.1	7.79	1.871614458	28.5	25	0.43	44.65	7.884	172.533	20.63372414	769.748	1738.828	2.295	1.7883215	2.909655172	0.6	83.57	1.2	34.8	NA	NA	0.07	0.065	11.6325	4.9333333	6	6.1333333	9.4666667	0	11.2	0.8	1	1.1333333	1.2666667	0	0.2666667	7.5333333	0	0	0.2666667	2	0	1.2	12.6666667